183955	221870	238496
161487	443571	520439
139762	167426	485348
157161	158802	193300	491479
21397	75306	147833	193216	202424	285022	416667	421706	533455
41256	361696	361698
213603	213604	213613	213615	213617	249025
25301	174471	344202	344204	440423	440425
78535	165352	546303	547111	547342	547343
61337	129710	154384	253676	261266	285631	370763	402042	456628	468716	519227
4092	104191	128901	341575	389644	413419
443	19197	30669	64638	65886	70513	86888	95444	102776	104176	105204	128705	139840	139954	161232	165430	185636	195461	200228	216567	219107	227700	259997	278001	302507	312166	318376	347743	355253	360679	363219	410980	424561	457300	475488	487943	489751	490596	508801	520753	521872	523591	524008	533027	539482
168501	175869	537116
52213	144025	260220	290798	290869	335744	339010
180712	234292	288126	304564	331974	356196	364176	380137
5208	25930	50077	76957	99684	117261	126278	162503	167382	180614	187418	201745	219094	222799	223919	232538	247254	252836	272148	310403	324951	328880	334802	338450	343412	362616	386468	390464	396443	399903	410172	416982	420903	422092	434233	436556	440723	446004	454321	458374	462544	464728	464994	469968	489414	521639
47403	196132	196135	491949
10711	20730	70709	73196	138218	143147	168084	200962	201617	210144	215148	248505	276648	293920	313563	320805	339079	371116	373238	418827	428857	452678	465744	487986	497754	523753	527849
77227	218279	379559	426952
14599	32239	61142	73054	101295	113773	126757	138428	171491	200196	227747	243469	337503	361091	387972	404752	443897	459971	468191	492349	497338
11141	79941	104574	129272	153920	173927	216856	265351	289804	336133	353501	403263	410519	424655	427212	462012	512038	541814
109595	114378	114379	126430	126433	126441	132756	132763	246060	270524	545994	545995	546890	546891
3120	9869	14992	65985	101939	149432	150038	189398	203600	226912	236382	246768	276086	276847	300171	341761	362551	377304	387465	436450	442647	447700	460256	471688	504831	528926	541722
5582	47930	193375	213676	329508	335028	339289	350684	374744	492634	495203	537580
367144	410601	429007	448166
131442	159187	233222	441855
44514	113034	127339	127346	545427	545429	547254	547256	547257
198496	224867	339508	422982
22787	54074	126115	184017	203229	214684	247478	316403	316430	337623	340511	344206	355712	364703	419377	433704	436828	496279	498325	505254	518807	529617	530205	535124	539013
5453	36843	78987	96792	132278	132284	132286	132287	242533	242538
54847	82457	492247
179001	391697	412528
9372	9382	29929	29932	29933	35615	164480	520380
241283	309494	478888
21742	46750	134247	171553	223767	258658	306262	421935	442607	458567	518137
55727	78359	170327	335007
176	131232	132531	132725	201855	321841	347858	533157
42687	44355	51882	143104	161938	201570	201572	201574	215112	216724	235844	252984	257863	260603	277248	463234	487203	509575	512040	523685
521	70004	98368	127332	148870	169697	173687	174097	188389	210373	233313	235362	281396	289195	292843	330506	356349	401127	404185	513756	537827
42155	127085	258784	330244	354458	396741	414237	486636
56946	80954	133099	180712	234292	288126	304564	331974	356196	364176	380137
20232	66653	82400	113380	223285	321616	331718	370317	385591	535681
24076	38185	44867	69456	89973	91601	95977	104372	105027	108628	116177	120959	151259	154244	168624	193691	203972	208626	233933	248301	272795	297278	336083	446826	454029	514297	517019	528522	535600	543534
51246	107722	161307	166735	476208
23490	86953	114651	203826	365198	365199	365200	503396	503406	517525	517526	517527	524843
23490	86953	114651	203826	365198	365199	365200	503396	503406	517525	517526	517527	524843
176255	468259	532724
55727	78359	170327	335007
160798	233468	257621	281988	348108	353931	372238	396166	415253	443821	492595	501902	522415
10149	30877	56711	123304	171678	271402	286245	313181	385197	481100	483774	535197
69059	94571	197418	444527
411330	419262	435347
6688	18059	36712	73833	80778	86359	104911	112494	132794	133831	145503	158753	174472	201407	219575	255586	259625	262879	268629	276958	281468	285560	292405	293009	308357	331825	336749	376852	411592	416431	424508	425287	430888	432003	440380	452257	466842	467133	511848	538944	539186
12562	33094	52657	68372	74972	144067	244920	261409	327959	344354	359061	367949	375237	406869	430869	471115	479081	483451	503043
1637	1640	261662	544403	546316	546317	546961	546964
38926	116233	161318	172595	308654	315446	376908	430858	517813	531212
286624	294926	331605
8323	149680	198204
52577	120769	214106	242626	442789	442796	479816	486799
9650	43881	74550	74552	83155	90380	96158	108194	127568	134221	134224	134225	134228	144191	144193	157624	172367	172369	179921	179922	199097	199099	203703	247058	247059	252788	270306	534623	538287	538480	538974	541418	542184	542321	542446	542683	542902	543056	543105	543161	543162	543173	543247	543343	543720	543789	543860	543872	543873	543874	543875	543899
12904	18493	49830	67416	68152	161796	182190	199549	221490	239679	246279	246373	248522	260643	265479	287304	326441	400566	401575	418739	422194	422369	450464	457079	540769
48712	436116	472423	500803
91816	116407	438364
22116	269590	343987
293336	297181	413584
314443	314450	353272	479970
42155	127085	258784	330244	354458	396741	414237	486636
18722	32975	38714	175966	257175	267496	326382	336242	346393	405645	477297	522364
1547	45292	45295	53978	60658	103117	103118	103120	104712	120328	141007	260938	263181	326464	334974	351390	484333	504033	528285	536934
367144	410601	429007	448166
14157	33301	34635	37883	54265	58422	59228	69261	74745	84106	101663	105732	111139	115238	145638	148741	173996	220470	220933	258109	259515	260730	260876	284697	285123	285246	330397	366775	377696	391256	401654	411066	422447	424858	425578	432649	450282	454152	473398	490092	490984	514902	520119	520455	533917	543992
124773	222735	365448	464568	489152
82034	254624	306515	388342	397777	399259	412129	423031
60243	131944	303749
688	15749	17934	19252	71210	74494	81909	116912	119385	122874	127128	135006	144017	144083	145886	162598	166494	169466	170410	173625	201679	203632	217427	232501	241305	247096	265874	290331	294162	301622	302782	305636	306218	331650	355903	388799	408181	414051	416089	443830	464056	506695	512458	517843	527583	534307	548285
124	243477	302516	318491	320027	366784
44514	113034	127339	127346	535399	545427	545429	547254	547256	547257
123128	241897	447338
3841	74788	97893	148445	353325	377372	377380	389190
422	170849	451122	535138
1500	11152	12177	14425	19625	21516	24328	31980	48099	50856	54519	72700	76261	81303	90431	100464	121344	121441	121768	122338	124220	125000	130542	136574	138211	144800	145300	152770	168056	180569	182085	186400	193153	193834	196827	200566	205402	213200	217502	226851	227121	229039	238729	251964	254640	282212	302509	303834	304553	305601	311929	319406	327497	331200	356893	368669	374161	395622	398443	403329	407436	409123	410747	412282	424386	437499	442010	442541	443987	452941	458185	463477	467195	468085	471456	488943	490490	490861	493324	494252	498708	500747	515331	520608	524027	526560	527121	528829	529227	539662	541245
29307	83941	110279	114686	114687	114690	121125	168111	200054	264496	269382	309062	313734	322945	337987	349470	412804	456623	499423	499424	531122	537219
54237	139208	161829	215794	253322	269821	291619	387913	446679	507731	507736	507737	507750	507752
59586	60022	86758	100707	119487	128025	143005	166165	166170	166173	167893	191264	191279	196142	244171	256475	269554	307846	424622	424626	475258	505359	505371	505374	533174	534471
180712	234292	288126	304564	331974	356196	364176	380137
90938	214452	244240	246173	289781	336770	391524	537816
26767	26769	32688	63369	63371	70071	77328	77339	93631	112824	112825	112827	122005	122007	152199	187294	187297	195054	265513	287916	346709	391036	416747	444048	444051	458949	458950	483103	483106	483124	483126	504543	522078	533138
3883	30039	134175	141436	197127	201731	319970	340397	510393	541139
2223	68284	114393	139407	244679	261397	264686	289508	328671	424392	479184	497568	527734	530164
60840	67537	304985	352253	392495	394236	394241	414430	532448
33957	100071	221632	410532	434764	513201
14254	17479	19463	40144	64777	73725	217657	233388	363008	487180
75789	353622	353624	353635
19767	31348	51187	95539	105238	137338	216885	225811	249514	273670	430544	530090	540372
13590	36516	85033	91330	145294	159178	173902	304965	316081	346343	394010	398934	405832	422567	430891	445445	478382
12303	27620	53701	86141	208422	351254	355291	383645	517338
60469	178472	225413	250186	301853	404231	408235	488254
4092	104191	128901	341575	389644	413419
32082	35642	163587	286958	437349	437352
25301	174471	344202	344204	440423	440425
59586	60022	86758	100707	119487	128025	143005	166165	166170	166173	167893	191264	191279	196142	244171	256475	269554	307846	424622	424626	475258	505359	505371	505374	533174	534471
10641	53936	78875	118863	182663	271001	353275	398993
423341	440525	468511
37922	199497	287016
94213	110062	220205	269199	322607	353310	370860	383361	408753	443073	448868	472803
112813	112814	112821	112823
42687	161938	201570	201572	201574	215112	216724	252984	277248	487203	512040	523685
14305	26083	409927
28873	118171	207523	299012	332530	365064	383169	389712	399151	399156	399158	451370	496990	509512
199372	399560	447268	471226	522928
14445	18504	86503	123426	127075	127341	127388	129787	227401	231715	267449	278417	291894	309263	309414	328428	343680	364895	367850	369811	383177	392363	411761	452947	458122	470372	471071	486582	498224	501516	526176	526689	533905	537097
11663	163301	352260	356500	418139	508174	542038
31442	113592	127958	127960	377832
2411	8922	9649	10064	10384	12604	13768	15289	17023	21628	22699	24451	29098	30597	31185	33563	35073	37375	40019	45782	46091	46279	46639	47912	50999	51078	54908	54949	58915	61963	62163	67407	67802	69201	72043	72662	75366	79662	84708	88071	88581	88664	92707	93401	95344	100344	101280	101974	104347	105539	109100	110416	110557	112689	120579	122021	124196	125825	127536	128438	134980	135843	141751	142595	144321	145542	146453	146527	147259	147912	148541	151824	152237	154141	155537	158577	160661	161912	163311	164140	164812	165040	168149	168719	169162	170940	171637	171677	178260	178529	180067	182543	183214	183432	186111	189182	190012	194712	196737	198471	199855	204136	205597	206591	207828	208097	210341	211919	217935	218533	223555	229451	232462	233761	239629	240213	240874	242887	243864	248217	248396	250213	250953	254038	256238	262114	264194	265316	269495	270651	272828	277503	277636	280180	281081	282228	282747	284186	284484	285643	286589	288779	288862	290088	291528	295118	295664	296790	298214	299682	301756	302476	305053	306531	308531	310707	312209	312723	315368	318944	322320	323558	324619	324936	326852	327139	328570	331170	331184	338475	339760	340570	340940	343602	346707	347666	347774	348664	350551	351020	351405	351827	352294	354111	357323	358887	360890	364755	368631	371620	372239	378495	378785	379439	380684	381294	383111	384688	389997	390146	390438	392518	392680	394879	396936	397827	398644	399006	399824	407014	407300	407401	408212	408890	410695	411849	412348	412976	415742	418521	419926	423591	424074	424948	427671	428277	428543	431076	434715	434917	435295	436894	437689	437941	440729	440865	441252	442025	444520	447487	450500	451582	453326	453375	453437	455309	455588	458888	460644	461141	463139	463500	466304	466832	471583	471620	472444	475566	478992	480619	482373	482982	482991	483647	484750	485254	486332	489239	490115	492555	494286	495195	501043	503909	504513	505613	505814	505914	507975	508516	512055	515526	516354	517559	518323	518791	518982	519271	520048	520574	521723	522219	523267	523525	524460	527680	527948	529057	529823	530304	530846	536296	539156	539353	539578	539948	540798	540836	543463	543565	543979	548482
3542	6050	14092	20068	34711	37532	38132	44688	45762	49333	54865	57325	59197	59217	67627	131921	154864	155533	182834	186396	201209	202791	211693	224973	237080	241253	243277	256540	265901	266313	267766	294696	301633	327394	339120	343092	373337	382101	390087	394014	396290	413449	417568	421503	441494	442103	443954	448951	471555	479931	489692	496695	504502	509123	509476	519862	520946	523360	533175	534674	538748	539412	547579
62554	144469	260897	429844	445322	507060	507063
9106	32902	251223	264870	347713	388029	428205	428212	428214	428215	435477	435500	465815	500878	500880	500881	500896	512037
7644	83556	225562	288778	376757	413213	448444	452315	520327
9179	10584	18596	36535	66791	70924	91722	106195	109368	139914	143589	144982	166267	182215	213711	222047	293032	328351	350251	352994	434252	435438	440776	470842	483624	489117	530243
11773	48550	73233	133069	213093	238783	253868	273712	281946	332097	368011	391925	501400	505764	519200	525564
8050	75808	113587	166768	179327	193507	254939	412931	513982	533900
223682	310063	360181	394975
3883	30039	134175	141436	197127	201731	319970	340397	510393	541139
43171	89730	122147	247239	282768	415037
6688	18059	36712	73833	80778	86359	104911	112494	132794	133831	145503	158753	174472	201407	219575	255586	259625	262879	268629	276958	281468	285560	292405	293009	308357	331825	336749	376852	411592	416431	424508	425287	430888	432003	440380	452257	466842	467133	511848	538944	539186
161487	443571	520439
49682	72215	93385	93948	115979	133599	168327	190467	281726	289681	329143	356159	380217	407037	463063	480482	526575	531405
57136	60316	62937	103090	246646	544163	544570	545044	545245	545966	546176	546178	547107	547205	547555	547663	547944	548137	548142
11074	105139	133734	201095	221647	305022	347908	381506	388324
128544	278731	317254	341322	341324	341326	341344	341352
43061	109415	150543	174771	206773	221760	290912	298212	324000	348115	356140	382137	441912	448537	455432	470325
73937	98804	98855	99173	235901	301581	320317	445195	543522
367144	410601	429007	448166
19097	74921	121995	142454	164009	200738	222671	232075	244035	255990	289258	296533	332312	427927	472037	479281	496930	525557
42687	161938	201570	201572	201574	215112	216724	252984	277248	487203	512040	523685
3210	51116	69404	70500	75287	95376	116581	120294	141201	149495	149852	151410	167246	187198	189904	190798	192313	209203	217748	239249	252800	254100	266891	283003	289126	300968	303345	310366	339968	340855	376771	383250	408158	416793	451947	453446	455248	455869	456689	483048	491365	541961	542493
413095	413096	463313	463934	529308
70432	95357	149458	272922	324533	351983	411467	490929
37960	50803	132215	245498	257303	311778	426205	487957
103425	272098	329071	381137	434278	482499	487438	512302	513830
256718	283859	338690	404474	424093	457110	463706
204468	356740	412241
42687	161938	201570	201572	201574	215112	216724	252984	277248	487203	512040	523685
169845	189478	212992	322928	357410	369074
23490	86953	114651	203826	365198	365199	365200	503396	503406	517525	517526	517527	524843
43657	62080	73333	80682	86144	112169	136713	136793	155031	157416	163046	173539	178628	209292	222737	224484	246858	249270	267959	271319	274778	295279	295861	301702	316385	344889	352393	377023	377293	473474	473755	484405	530348	534978
26369	260532	341836	411791	469669	509074
141379	160702	166344	236473	303647	327998	332673
68641	140683	350932
1164	7775	10872	12275	18396	21859	22108	22750	28313	33972	40150	40368	41947	44417	46734	49011	49251	49404	52705	53201	58209	62816	75422	76174	78548	83365	84360	95124	96246	98598	100800	102327	102786	103920	107337	116893	118972	123137	126263	126867	128604	135305	140989	143180	147613	151478	153222	154922	154972	167320	169941	176655	178331	181589	188168	190647	193701	193968	195531	199136	210491	210965	212190	215982	221015	226601	232111	240177	240649	241902	245981	250555	251857	269278	270894	286552	288210	290254	298981	312191	318316	328088	337899	344787	355126	362412	362423	364079	364368	382871	386317	389994	395337	397826	403712	407916	407983	408514	413736	415696	415813	426901	432507	432520	436459	439603	443438	456597	461007	462564	464824	466954	475193	480112	480126	480777	489123	493163	493231	493702	493977	501189	505072	505586	507622	511805	513605	515541	517097	522764	524164	531157	531766	531905	537583	538291	544328	544343	547472
260781	364647	364650	478744	505924
229556	342774	407638
9650	43881	74550	74552	83155	90380	96158	108194	127568	134221	134224	134225	134228	144191	144193	157624	172367	172369	179921	179922	199097	199099	203703	247058	247059	252788	270306	534623	538287	538480	538974	541418	542184	542321	542446	542683	542902	543056	543105	543161	543162	543173	543247	543343	543720	543789	543860	543872	543873	543874	543875	543899
94085	98742	152903	226158	240113	274813	544421	545678	545919	546598	547883
8323	149680	198204
183955	221870	238496
165935	224059	340825
163452	183408	299655	331526	387434	504235	505148	540854
122814	170619	249819	269061	334761	426274	515081
101668	190062	274521	328123	405565
14435	59509	68430	84384	93341	172036	294094	310314	311354	431313	504212	537726
219649	233695	337976	337981	444709	499056
16383	150998	163588	201221	403163	446385
33373	102751	226599	280497	365061
5081	9526	16832	72915	72916	85375	85382	85383	95730	97140	105481	123183	185312	203818	317458	321818	321821	321826	379869	434697	446932	458382	458383	461898	480478	480479	500861	500862	500865	500866	500867	532649
22085	64287	67454	120388	155770	170756	189109	195156	203633	207118	222584	247467	253870	271928	277405	278169	291669	301867	312146	363363	389962	419009	437660	442876	481138	483882	485105	491554	512147	528715
12526	33054	346440	501788	538991
9650	43881	74550	74552	83155	90380	96158	108194	127568	134221	134224	134225	134228	144191	144193	157624	172367	172369	179921	179922	199097	199099	203703	247058	247059	252788	270306	534623	538287	538480	538974	541418	542184	542321	542446	542683	542902	543056	543105	543161	543162	543173	543247	543343	543720	543789	543860	543872	543873	543874	543875	543899
57824	82730	90608	107186	109422	328644	377039	391732
6170	28905	32892	78488	81957	94166	113150	121596	143368	187952	215497	226645	256479	273064	279547	331930	337822	345142	368759	368907	389343	391388	393538	421881	446997	470866	470946	495786	502084	505755
314443	314450	353272	479970
202245	298418	406965	537922
29759	39537	39538	39539	39540	39542	151456	151748	151750	151751	176604	176908	218281	257397	536741	536742	542826	542867	542870	542871	542872	542874	543730	543731	543762
9100	11963	57073	91212	188107	194821	228249	239536	249941	273700	285513	305014	307290	319526	332498	362096	392146	409427	415432	415922	448464	483965	515129
322302	405631	463403
187138	238935	241623	336468	362231	426133
25301	174471	344202	344204	440423	440425
89572	434497	452209	464555
13507	52414	73606	77307	101960	114258	136805	157436	162278	182520	326114	350260	362817	363913	365166	387705	392538	411500	445249	472275
42128	66766	134868	158917	190509	212517	364015	380892	435607	471818
49682	72215	93385	93948	115979	133599	168327	190467	281726	289681	329143	356159	380217	407037	463063	480482	526575	531405
98075	279387	303927
2876	21270	26658	84409	102794	213842	262923	300628	412703	462023
68954	111610	280691	365863	365867	375612	400343	407103	424491	449703
35284	59771	109204	124094	149985	153287	222178	308746	329470	408058	504430
40257	87944	149459	302298	323354	391957	438672	468596	532365
293336	297181	413584
25301	174471	344202	344204	440423	440425
12526	33054	346440	501788	538991
22512	26676	27365	40396	46510	108978	114343	122330	146788	186407	210735	221225	242546	252928	269637	297335	325643	358551	359702	360949	370146	390526	394106	417201	446806	465168	465277	521360	525165	542664
8817	18452	21945	32976	47476	51616	58799	80142	85349	88269	92183	94813	102341	104737	111787	129068	137008	137236	142514	156498	160681	163919	190308	193438	229488	232600	238416	242690	246460	253239	262148	264005	265353	269530	283767	288374	294006	296571	310989	316764	326089	329652	335785	336712	337825	346932	349761	371997	376231	376997	377041	379324	383362	385015	395891	400011	407273	414629	423625	427026	427216	427791	432857	439202	459331	482859	487135	498377	500491	518227	518648	518695	523737	531205	531641	539228
14599	32239	73054	101295	113773	126757	138428	171491	200196	227747	243469	337503	387972	404752	443897	459971	468191	492349	497338
68139	128205	290325	307436	334903	426857	450061	517043	535832
239451	240095	512545
42687	161938	201570	201572	201574	215112	216724	252984	277248	487203	512040	523685
31185	67407	67802	88071	88664	92707	109100	146527	158577	277636	380684	399006	424948	455309	522219
111722	111726	122613	122622	138325	147105	147107	181666	223046	249702	362176
2797	15952	31200	47626	57116	61118	72238	80005	109243	115271	129002	129819	140476	165128	196566	198304	202609	203397	216625	264309	266187	270593	278146	283440	315577	320858	323371	323378	348877	384795	389473	412353	417383	429082	432569	438003	439622	463702	472962	480884	497828	499649	501124	514909	516992	528717
461279	530666	531223
76857	192190	224555	282602	418493
25301	174471	344202	344204	440423	440425
91765	131554	210783	226898	234650	242071	463803	488316	524331	524962
16648	30209	44363	59662	63647	91944	115348	118433	121174	124176	134925	162112	164515	173427	185683	186312	186915	203336	210884	237812	244262	333869	336128	336618	369537	397560	408265	440144	483406	488903	490890	498778	523852
54847	82457	492247
50167	84836	519897
3833	4829	6579	23465	26373	28053	33812	49761	56052	71736	73400	74439	76881	98269	98332	99373	101019	105619	107972	121270	122915	127345	131182	131211	184458	188073	189959	195210	210020	215955	217230	223061	228831	306781	311872	327818	328468	333916	335763	343242	349055	381003	396649	400523	403255	412670	420427	432937	434966	452884	472722	494481	504305	511237	519013	520121	536830
39840	45922	331579	395427
17239	101389	238430	276154	387833	417412	424750	501768
202245	298418	406965	537922
219649	233695	337976	337981	444709	499056
7557	33603	67901	75309	75311	85219	92811	96207	117368	117409	142827	162776	206674	280523	290394	308901	343097	366745	392457	414409	417333	422934	426267	515051	518671
211006	371910	372221	452195
4146	21483	25701	33803	35571	42149	49035	51773	51935	53222	63874	66787	78553	83969	102775	108580	133152	158023	178686	195538	201227	214149	220904	248037	251852	251959	258780	265445	271813	272524	276246	301600	304321	306793	331207	337486	403381	407774	421033	435365	451183	462832	468261	468948	478839	483679	493743	497701	499925	503771	504740	519747	520679	525716	537153
230731	255527	278776	303218	405971	429927
148918	287142	352680	448379	503858
13083	50229	74914	138186	161631	301328	384358	408215	438144	511464	538270
3375	19319	40008	98725	105719	161231	185464	186328	199682	207491	208349	218069	243005	253222	348448	349314	372562	373450	419909	451875	468369	475012	492944
172861	174240	275479	410489	510102
4390	30922	38325	38893	117542	146298	199234	218763	318580	331095	342640	353355	428785	486876	507166	526214	531176
6092	109233	109234	171970	171972	207285
31455	171028	467252
160798	233468	257621	281988	348108	353931	372238	396166	415253	443821	492595	501902	522415
28914	435234	442226	463375
25301	174471	344202	344204	440423	440425
118948	191846	209822	455700	482725
110413	165873	213681	463766
27890	41336	48131	52064	55386	55388	57383	99182	165463	219781	238491	335987	389895	405178	483076	538129
61530	82959	83599	148944	174182	210875	439731	444804	464000
46196	64131	171629	187354	196726	241848	272582	358285	368269	391238	457335
31061	275568	416985	433420	459621	485312
4624	214232	516499
178077	195526	413461
36956	354618	377661
181409	385314	388702	410603
31185	67407	67802	88071	88664	92707	109100	146527	158577	277636	380684	399006	424948	455309	522219
367144	410601	429007	448166
52588	74313	206374	233402	307002	395623	425893	426065	541515	541516
117816	296327	457642
176776	293948	446392	508971
1806	4389	35472	49243	49268	158841	164686	267328	321497	376498	393054	405956	528993
61530	82959	83599	148944	174182	210875	439731	444804	464000
18190	38480	71354	81552	94855	128249	141989	152868	182310	184264	220163	225031	227406	232303	249811	254623	274298	278360	290897	298738	308918	309857	311002	320438	333749	343071	344511	345638	368673	373165	440277	464571	484545	517668	524359	528984
338570	477532	515304
53049	96237	112623	185560	187127	209375	344812	374105	398163	468184
14599	32239	73054	101295	113773	126757	138428	171491	200196	227747	243469	337503	387972	404752	443897	459971	468191	492349	497338
19752	22782	36397	38984	88413	103633	113052	237888	516643
66081	79786	89597	107736	142627	198484	205739	261756	273096	282498	353324	353333	355197	393637	406398	444215	520291
260781	364647	364650	478744	505924
15127	32602	57062	163485	316486	341838	399038	436314	509639
3841	74788	97893	148445	353325	377372	377380	389190
11312	42482	94655	119215	139700	168868	169911	194584	230711	278973	283816	285717	369456	375306	381571	393415	397353	517172	517456	527594
83347	132031	164604	189237	248036	298879	317366	326713	399040	433881	444979	540293
35651	60708	70392	104465	107783	187563	264468	318870	517993
8157	404155	428059
12060	12062	29584	265611
315279	339336	363574
951	200511	414227	414228	445494
14896	21659	21695	24397	42346	62867	67051	71036	75245	87626	132671	145089	158674	162709	163015	166077	182587	188698	205505	210462	233838	240678	254423	258501	278725	282906	303160	305716	320287	350288	354251	370812	408836	411795	422063	436124	438354	445259	486888	519672	534790	538222
41256	361696	361698
38970	66574	152778	462944	477570	533323
213603	213604	213613	213615	213617	249025
16383	150998	163588	201221	403163	446385
14930	24221	31001	31598	47988	71445	75184	84961	88563	116682	125774	186391	213239	214485	231148	240723	258173	259495	270262	283892	287345	305604	317951	320777	325282	328691	348225	351766	373549	385201	385257	410779	420599	456448	467717	480390	492179	513318	519355	523265	530309	534859
11915	13589	15922	36802	40326	56913	66017	70230	75762	79419	79705	81790	86150	89918	95258	98343	104350	106397	110425	111550	131043	135115	135409	146401	149579	154146	155663	162974	175213	183231	189882	206540	209915	216697	228082	254963	259788	286536	301483	301682	310488	325745	326481	327922	328951	344483	349627	354715	368498	389791	391539	397448	397575	403346	403540	413490	416018	416364	421373	427277	433792	463529	477664	485524	498651	499716	515094	524779	535908	544279	546224
31838	83592	100652	109663	166158	166162	166225	191280	267498	321740	352955	400798	424637	532258
4146	21483	25701	33803	35571	42149	49035	51773	51935	53222	63874	66787	78553	83969	102775	108580	133152	158023	178686	195538	201227	214149	220904	248037	251852	251959	258780	265445	271813	272524	276246	301600	304321	306793	331207	337486	403381	407774	421033	435365	451183	462832	468261	468948	478839	483679	493743	497701	499925	503771	504740	519747	520679	525716	537153
12060	12062	29584	265611
203840	226879	294612	294616	333621	403287	403288	403291	477527	536094	540506
85664	241485	255943	269112	282855	516988
55727	78359	170327	335007
10894	99122	223802	266177	269398	297608	343464	359725	367675	418818	486535	487448	515271
21584	43288	113369	293968	318953	341763	343017	368792	392187	463048	464182	524986
21262	40656	53638	57369	66395	73390	76927	77064	81327	112595	140717	171830	175149	176736	177452	195822	216818	223186	230683	241095	266459	283203	293214	297837	316428	332316	334722	369567	391404	439992	452553	467578	500843	502614	514134	516291
160798	233468	257621	281988	353931	501902	522415
46192	49529	188916	222974	300959	316610	359357	372164	506982
12742	54178	119535	242504	250011	352232	372442	425543	428381	470671	485488
3069	81664	197416	203243	333710	459575	468467	492665	540757
55727	78359	170327	335007
10149	30877	56711	123304	171678	271402	286245	313181	385197	481100	483774	535197
76908	97659	146773	170304	172383	222158	224705	249269	262393	276506	544141	544719	544726	544727	544728	544729	544731	544732	544734	545209	545210	545507	545730	546016	546017	546255	546322	546391	547009	547250	547392	547393	547394	547409	547410	547411	547574	547600	547836	548188	548190	548418	548445
29759	39537	39538	39539	39540	39542	151456	151748	151750	151751	176604	176908	218281	257397	536741	536742	542826	542867	542870	542871	542872	542874	543730	543731	543762
26714	36062	103651	465335	478810	507789
8384	52832	78161	94146	99690	146709	159374	187702	224194	234734	273174	296855	297650	301723	304234	318902	333628	334780	352715	376728	384262	400669	441673	449166	473141	493308	498010	513131
12060	12062	29584	265611
11799	11804	147132	449388	452567	533929
42714	100259	198172	216202	230862	242628	321951	345528	356182	359466	399876	405757	422914	511516	515102	528956	531753
44450	73912	73929	73933	73934	73938	152543	153391	220460	256938	274305	283470	394046	428193	428498	445204	469079	469094	469095	469135	469140	478116	479422	489415	489424	493980	530720	536410
9650	43881	74550	74552	83155	90380	96158	108194	127568	134221	134224	134225	134228	144191	144193	157624	172367	172369	179921	179922	199097	199099	203703	247058	247059	252788	270306	534623	538287	538480	538974	541418	542184	542321	542446	542683	542902	543056	543105	543161	543162	543173	543247	543343	543720	543789	543860	543872	543873	543874	543875	543899
12060	12062	29584	265611
19370	50246	192052	305365	465934	492792
29866	192608	232195	239582	468680	478760
231176	357878	372935
168501	175869	537116
107680	119170	216471	270034	294506	487945	494471	505411	524009
89139	105230	129923	145106	200053	213860	244471	266813	299825	300708	340706	378525	461995	475011	495940	521116	534520	539128
8619	64259	77793	89532	100452	107976	108073	182478	190065	224978	232830	239320	327059	358700	360260	363769	375710	382607	404936	411334	415818	417210	435207	435655	439736	445065	450533	453454	454437	459849	484008	503238	528398	537837
57824	82730	90608	107186	109422	328644	377039	391732
12086	105500	111829	112046	384672	542868
11516	35036	60351	61571	68613	101983	110252	134328	135378	151094	166191	172939	179124	185449	193756	195563	195987	201405	209611	223755	234598	257265	275487	291129	344592	379682	384715	390845	396655	429260	429722	434828	435174	460427	489520	508419	529268	537268
4123	274146	422043	457203
26950	32021	53522	70364	80737	102770	118665	123802	127411	173699	256539	258931	270490	280839	322266	435495	447229	447308	463627	470056	479547	513436	522331	523504	524343	524821	530112	531334
35590	96725	126549	132968	223414	265210	273232	347999	357619	400151	420455	521061	522339	541994
119540	273430	290053	538298
164133	173160	530421
354352	354356	387855	402259	402261	402264	402267	423934	426231	434494	510899
2797	15952	31200	47626	57116	61118	72238	80005	96812	96824	109243	115271	121462	121482	129002	129819	140476	165128	196566	198304	202609	203397	216625	243863	264309	266187	270593	278146	283440	315577	320858	323371	323378	348877	384795	389473	412353	417383	429082	432569	438003	439622	463702	472962	480884	497828	499649	501124	514909	516992	528717
124	243477	302516	318491	320027	366784
178203	230382	349175	459127	464720	478862
53349	61601	61938	64808	86455	102931	111008	132915	134831	143714	144919	145293	180095	185527	211652	231184	285880	288488	297268	299089	313355	321860	325491	334990	341978	353132	405305	409415	494077	513774	520346	524353
62813	67412	87694	116840	199841	213022	235471	255529	261886	270591	327390	338053	377548	522428	530854	540364
224970	304629	304631	469721
79772	158573	174206	174208	285723	332943	366456	401351	401355	401357	401386	456694	483898	487550	548526
79592	100920	170945	266632	291301	311601	315620	361337	367186	389896	405823	413692	461863	506867	509960	510767	516373	537553
17611	17715	21518	26459	27966	30510	67500	70124	73723	80512	104658	105707	123975	147416	183542	189757	209188	218045	222499	223527	285633	293177	298784	299108	315995	326014	327094	354094	368934	373465	382755	396422	405980	412581	416314	419480	420183	474564	476367	508858	521365
162905	182183	253596	268719	327449	449139	487654	487656
278308	423664	427876
14245	54528	144069	225226	259746	310133	403336	418053	436121	446311	523611	527637
169642	208408	318767	320944	369146	489640	537841
36956	354618	377661
147571	151976	190064	191928	200002	219831	237311	262686	311629	311631	522287
25624	33379	37456	39576	46990	53000	54882	82064	125538	146859	147000	156950	170690	173435	181843	188807	192900	211804	225455	242803	243918	245507	260701	262116	265910	274940	280091	280651	287026	290875	291402	312743	315637	316854	326323	334559	350128	350547	353596	354809	357507	358478	361346	385932	413665	417432	431195	441045	461532	478532	479518	481729	482033	483021	508757	520878	544291	544374
78535	165352	546303	547111	547342	547343
79592	100920	170945	266632	291301	311601	315620	361337	367186	389896	405823	413692	461863	506867	509960	510767	516373	537553
260781	364647	364650	478744	505924
144629	207697	335486	338843	359673	363073	446037	483701	486195	489209	508622
64741	155318	542528
74550	74552	83155	96158	127568	172367	172369	179921	179922	247058	247059	252788	538287	538480	538974	542184	542683	543161	543162	543173	543247	543899
1282	1637	1640	4767	8324	9244	9246	9247	9252	9253	9254	9277	9282	9284	9834	10034	10035	30679	38972	38973	38974	38977	38978	38981	38982	49756	51393	84392	106093	106103	261662	544170	544403	546316	546317	546961	546964
83854	83856	193364	298735	298877	476153	476156
12346	98663	180078	373724	429812	453191	538597
37888	72095	84026	122929	135302	143438	151254	154047	166536	183883	235822	239656	371709	384060	395085	418134	448074	511373	526595
230731	255527	278776	303218	405971	429927
5456	17284	61148	68431	93086	110523	143159	179106	197797	220084	278920	324084	325596	352091	386683	402327	441254	452766	471038	500420	535668	535920
43657	62080	73333	80682	86144	112169	136713	136793	155031	157416	163046	173539	178628	209292	222737	224484	246858	249270	267959	271319	274778	295279	295861	301702	316385	344889	352393	377023	377293	473474	473755	484405	530348	534978
91927	215767	285310	289765	289766	346397	346403	398891	398893	410927	410930
77701	84839	120615	204966	225233	541122
109138	212232	294323	312685	417416	464198	464199	464205	464207	536006
8692	23486	41803	47961	85096	103262	103444	108702	116101	128002	145288	148592	150787	151088	154776	163339	164111	165032	174682	178800	190629	194740	203458	213196	222987	236168	251371	257678	260179	266243	277846	294220	306761	313315	318984	362442	365635	367031	377735	410900	413457	450376	472231	488765	503069	506685	518817	519367	520715	523261	524390	536093	540171	544840
323531	323532	323534	460955
29195	53482	78412	90872	103060	127731	152320	177514	277890	302328	315424	339438	407628	523802
53198	136177	136179	177374	237754	262450	302489	331946	354092	363419	363420	363427	363428	454459	499411	523408
40009	325045	325048	328245	369720	373310	421283	502726
147735	169543	219957	284749	346229	461219
46901	65002	148286	162404	201129	203622	260126	294724	315974	361607	374151	441057	445680	478857	484183	485621
38085	42565	93814	110650	141343	147152	186613	189829	194776	208621	211894	216826	221436	264569	296207	313446	350413	411459	448724	454723	488813
141379	160702	166344	236473	303647	327998	332673
2246	22826	40924	68704	74720	126841	147766	162314	199476	205786	222688	243994	260488	263014	268943	271114	276364	287458	338095	349653	408445	462002	464495	488231	517892
14896	21659	21695	24397	42346	62867	67051	71036	75245	87626	132671	145089	158674	162709	163015	166077	182587	188698	205505	210462	233838	240678	254423	258501	278725	282906	303160	305716	320287	350288	354251	370812	408836	411795	422063	436124	438354	445259	486888	519672	534790	538222
19370	50246	192052	305365	465934	492792
31173	38009	115054	278864	342984	389547	413249	413257	432850	492137	515761
183955	221870	238496
112925	137052	255701	342541	437244
54424	85206	177301	432414	538158
5208	42732	50077	76957	99684	117261	126278	162503	180614	187418	201745	219094	222799	223919	232538	247254	252836	272148	310403	324951	328880	334802	338450	343412	362616	386468	396443	399903	410172	416982	420903	422092	434233	436556	440723	446004	454321	458374	462544	464728	464994	469968	489414	521639
33373	102751	226599	280497	365061
55727	78359	170327	335007
45247	55017	66413	155096	158534	276412	300910	318079	318090	339500	407868	407872	425656	469396	518217
79489	87493	173707	178228	178229	178231	341051	345470	461202	490051	490063	536783
92198	136950	196044	207857	217115	222994	252416	288252	298476	302152	311205	343957	403212	404851	452729	478422	502099
98075	279387	303927
1820	10687	26443	50313	60965	61891	70027	79895	85518	94903	96907	102507	102971	112858	115002	118233	118378	119092	120970	135942	160700	163082	164600	167642	171437	178061	183511	185834	187854	190337	200769	206265	207329	213264	228086	233088	237249	238138	261977	268581	269505	279570	286373	287049	293591	297126	303589	310096	327126	332244	333429	339725	341392	354429	363933	384350	387578	388235	392965	394137	411367	423187	424964	425681	426033	429147	434725	436429	472084	489399	491494	498596	505955	508581	508904	512048	514212	516947	520280	527136	530406	533808	537745
44613	73937	98804	98855	99173	235901	301581	320317	445195	543522
11312	94655	119215	139700	168868	169911	194584	230711	278973	283816	285717	369456	375306	381571	393415	397353	517172	517456	527594
29759	39537	39538	39539	39540	39542	151456	151748	151750	151751	176604	176908	218281	257397	536741	536742	542826	542867	542870	542871	542872	542874	543730	543731	543762
20232	66653	82400	113380	223285	321616	331718	370317	385591	535681
153688	189151	191076	199179	231860	231862	231865	238339	256663	260324	288738	347684	368721	398297	405970	407932	506485
12904	18493	49830	67416	68152	78479	161796	182190	199549	221490	233927	239679	246279	246373	248522	260643	265479	326441	400566	401575	418739	422194	422369	450464	457079	540769
180712	234292	288126	304564	331974	356196	364176	380137
6854	19622	30849	34477	63848	140014	173731	224056	287978	367439	375548	419643	463507	478547
112813	112814	112821	112823
14012	164042	190637	221367	323614	528646
164985	225214	232761
21513	93891	95477	100892	101480	112124	115260	149826	158820	170067	183831	189612	241647	251493	254994	288575	300208	316849	329428	350318	351378	361649	389115	396323	407247	408619	423524	426088	432613	433300	509910	511534	536075
34869	37099	177542	228303	231445	247967	302567	352450	438089	525731	531408
213603	213604	213613	213615	213617	249025
213603	213604	213613	213615	213617	249025
2770	20182	20183	20185	20186	119246	262820
30704	100579	103897	137990	373778	428792	483698
40009	325045	325048	328245	369720	373310	421283	502726
2849	3460	4825	20297	23130	24614	25539	26617	27657	38071	41404	42131	56414	56436	58350	61016	69255	70287	71772	73088	81150	98011	101561	112788	122730	124082	135071	135956	136696	137370	140470	140620	147607	149819	162935	174384	182254	186065	191740	203088	204147	204274	215184	220860	223160	223593	238836	244374	249943	251415	263822	264454	272055	274340	276330	279196	280905	281767	288913	293481	294082	294495	297017	301693	305967	308995	313182	314034	314189	317083	318012	320915	321449	324586	325027	328079	337678	337991	338223	341087	342319	345602	347320	352323	357724	362446	362720	369646	369677	372872	377046	380885	401775	405524	412826	414226	415843	424918	426256	430553	435149	436557	448131	448760	451004	457476	458021	464888	471737	474959	490680	496424	510793	511245	516611	517663	523930	526828	527901
137144	186907	189330	199812	220034	382482	524325	526388
57920	148142	253872	265064	409766
239451	240095	512545
239451	240095	512545
5829	13732	41697	48968	98588	118943	143608	145927	150522	168570	174928	187370	193654	255303	255775	327145	334757	366418	377884	410887	410943	419483	444875	463844	498286	507155	539820	541959
9762	16457	126438	196682	214555	216152	542319	542780	542899
13679	14299	30348	31488	32100	34250	34937	40583	47550	64429	65296	66910	72727	78028	80013	83362	96479	97661	119495	122267	132670	139317	141005	162361	163486	164157	170387	177466	187476	199961	201708	209080	213786	241304	251391	279398	290337	292080	297644	321742	360322	362275	371991	378689	396135	413248	415287	435810	443747	475188	478514	483396	483861	503446	510417	510530	521184	521217	530270	539784	544322
18650	238657	238665	263317	359086	380882	401165	401170	401173
42155	127085	258784	330244	354458	396741	414237	486636
39681	192636	215094	397137	442004	498363
5208	50077	76957	99684	117261	126278	162503	167382	180614	187418	201745	219094	222799	223919	232538	247254	252836	272148	310403	324951	328880	334802	338450	343412	362616	386468	390464	396443	399903	410172	416982	420903	422092	434233	436556	440723	446004	454321	458374	462544	464728	464994	469968	489414	521639
75000	156489	207684	278335	321867	388736
6213	100695	109591	110816	402779	402784	490295
1500	11152	12177	14425	19625	21516	24328	31980	48099	50856	54519	72700	76261	81303	90431	100464	121344	121441	121768	122338	124220	125000	130542	136574	138211	144800	145300	152770	168056	180569	182085	186400	193153	193834	196827	200566	205402	213200	217502	226851	227121	229039	238729	251964	254640	282212	302509	303834	304553	305601	311929	319406	327497	331200	356893	368669	374161	395622	398443	403329	407436	409123	410747	412282	424386	437499	442010	442541	443987	452941	458185	463477	467195	468085	471456	488943	490490	490861	493324	494252	498708	500747	515331	520608	524027	526560	527121	528829	529227	539662	541245
29759	39537	39538	39539	39540	39542	151456	151748	151750	151751	176604	176908	218281	257397	536741	536742	542826	542867	542870	542871	542872	542874	543730	543731	543762
19345	96239	171409	351364	353444	473115
13635	60236	312520	407374	473351	502353	520897
219649	233695	337976	337981	444709	499056
42687	161938	201570	201572	201574	215112	216724	252984	277248	487203	512040	523685
12742	54178	119535	242504	250011	352232	372442	425543	428381	470671	485488
2797	15952	31200	47626	57116	61118	72238	80005	109243	115271	129002	129819	140476	165128	196566	198304	202609	203397	216625	264309	266187	270593	278146	283440	315577	320858	323371	323378	348877	384795	389473	412353	417383	429082	432569	438003	439622	463702	472962	480884	497828	499649	501124	514909	516992	528717
1776	14948	15859	24054	32065	42826	48467	63151	68116	73128	87891	93317	129997	134663	156457	159988	182858	193110	194944	196987	197841	199507	199986	206283	233996	247651	260469	276007	284796	285433	293715	299112	311018	321831	326225	334953	353013	371067	380776	399039	410759	416423	422155	446503	452082	452464	465402	495357	497384	501277	510562	512468	518125	518984	520324	533437	540659	540861
4365	30627	59908	102999	108504	109351	123529	124819	148039	157047	211726	213292	231545	274918	289611	317169	324952	335295	349450	356399	391296	409903	410732	421255	448053	474908	493950	516340
335486	338843	359673	363073	483701	486195	508622
33373	102751	226599	280497	365061
31173	38009	115054	278864	342984	389547	413249	413257	432850	492137	515761
13507	52414	73606	77307	101960	114258	136805	157436	162278	182520	326114	350260	362817	363913	365166	387705	392538	411500	445249	472275
335486	338843	359673	363073	483701	486195	508622
4102	183325	209823	260990	296623	399523
48445	62000	81224	90315	139540	158287	168553	168555	174935	186990	203274	214187	232163	283031	290071	297405	302333	306688	312934	317851	328685	351686	364541	384433	408237	420655	463162	470264	496096	499025	515701	518975	521507	526889	531261	531276
873	74023	140392	144252	144255	183871	206643	230601	247194	255355	260920	322563	342042	364779	366253	390081	413860	442379	465991	466634
55727	78359	170327	335007
9762	16457	126438	196682	214555	216152	542319	542780	542899
62813	67412	87694	116840	199841	213022	235471	255529	261886	270591	327390	338053	377548	522428	530854	540364
128544	278731	317254	341322	341324	341326	341344	341352
10149	30877	56711	70028	123304	171678	271402	286245	313181	385197	481100	483774	535197
128544	278731	317254	341322	341324	341326	341344	341352
94800	103148	302845
13679	14299	30348	31488	32100	34250	34937	40583	47550	64429	65296	66910	72727	78028	80013	83362	96479	97661	119495	122267	132670	139317	141005	162361	163486	164157	170387	177466	187476	199961	201708	209080	213786	241304	251391	279398	290337	292080	297644	321742	360322	362275	371991	378689	396135	413248	415287	435810	443747	475188	478514	483396	483861	503446	510417	510530	521184	521217	530270	539784	544322
29307	83941	109138	110279	114686	114687	114690	121125	168111	200054	212232	264496	269382	281403	294323	309062	312685	313734	322945	337987	349470	350406	412804	417416	456623	464198	464199	464205	464207	492520	499423	499424	501206	531122	536006	537219	539043
75183	155666	272830	286311	335473	530008
69474	378519	402485	422756	426387
4891	154368	240949	346810	391006	434525	446662	482090	485778	540862
4177	9179	10584	18596	36535	66791	70924	91722	106195	109368	125289	139914	143589	144982	166267	182215	213711	222047	225019	258142	258968	286297	293032	328351	350251	352994	434252	435044	435050	435438	440776	445963	470842	483624	489117	530243
55727	78359	170327	335007
34799	34802	38162	58848	345624	516523	520546
5456	17284	61148	68431	93086	110523	143159	179106	197797	220084	278920	324084	325596	352091	386683	402327	441254	452766	471038	500420	535668	535920
80429	86199	87073	138399	191707	262286	364200	387987	404725	489673
34883	55735	84915	92489	137114	139890	143456	145526	175887	179969	184555	188939	223247	248775	262611	279503	281920	285265	294613	321284	323559	337785	342243	344146	344252	348401	360020	360478	371631	379022	427189	437822	439377	444728	447303	462377	466951	473834	486417	499152	513880	518522	519390	544127
79772	158573	174206	174208	285723	332943	366456	401351	401355	401357	401386	456694	483898	487550	548526
80116	299842	434493	434495	438850	535349	535350
9650	43881	74550	74552	83155	90380	96158	108194	127568	134221	134224	134225	134228	144191	144193	157624	172367	172369	179921	179922	199097	199099	203703	247058	247059	252788	270306	534623	538287	538480	538974	541418	542184	542321	542446	542683	542902	543056	543105	543161	543162	543173	543247	543343	543720	543789	543860	543872	543873	543874	543875	543899
10596	10598	10599	10609	10613	10627	59821	118088	535420
57920	148142	253872	265064	409766
104761	166117	193805	245190	262219	484283	521532
51493	155539	267320	342293	383290	462683	468253	477039	491661	510433	542743
33373	102751	226599	280497	365061
268845	496855	496857
34448	44778	50982	304046	420611	420617	420620	476959	476975
314443	314450	353272	479970
6092	109233	109234	171970	171972	207285
49695	63247	103300	136186	158073	248473	276724	351520	442759	487395
50774	62962	102093	112313	112326	140174	208548	293362	391145	396595	414633	486865	521099
32514	107918	131925	178224	326818	392394	415761
164133	173160	530421
31173	38009	115054	278864	342984	389547	413249	413257	432850	492137	515761
164133	173160	530421
9650	43881	74550	74552	83155	90380	96158	108194	127568	134221	134224	134225	134228	144191	144193	157624	172367	172369	179921	179922	199097	199099	203703	247058	247059	252788	270306	534623	538287	538480	538974	541418	542184	542321	542446	542683	542902	543056	543105	543161	543162	543173	543247	543343	543720	543789	543860	543872	543873	543874	543875	543899
6688	18059	36712	73833	80778	86359	104911	112494	132794	133831	145503	158753	174472	201407	219575	255586	259625	262879	268629	276958	281468	285560	292405	293009	308357	331825	336749	376852	411592	416431	424508	425287	430888	432003	440380	452257	466842	467133	511848	538944	539186
103425	272098	329071	381137	434278	482499	487438	512302	513830
27423	47053	47098	71686	71689	140141	157669	192596	214161	215022	247845	253721	276474	278502	285273	338865	338869	346469	387683	387928	392657	405849	405851	445736	469656	469658	483307	483331	483333	495189	522171	538533	542307	542308	542408	543045	543253	543652	543679	543680	543772	543839
2503	31195	36793	51142	56058	64999	67111	90295	90734	92800	97219	109808	166561	177538	198063	211751	212805	236925	248191	266796	276010	285067	353233	360141	378214	386343	387968	394175	432128	463724	480132	488909	501909	510772	519994	520004
37922	199497	287016
160798	233468	257621	281988	348108	353931	372238	396166	415253	443821	492595	501902	522415
38926	116233	161318	172595	308654	315446	376908	430858	517813	531212
126397	197839	221715	268312	336038	376244	461964	468943	504003	529434
213603	213604	213613	213615	213617	249025
56536	75600	101909	109197	128781	153991	226654	235216	261771	278740	297896	299942	300327	312433	329881	348662	399478	487512	494261	523664	525313	531782	535205	535798	545002
1806	4389	35472	49243	49268	158841	164686	267328	321497	376498	393054	405956	528993
45104	48394	254829	537472
33116	53698	95736	200577	220425	237846	252872	338819	350763	518003	542252
338570	477532	515304
31020	49744	53069	133331	175545	194322	263292	533555
61917	136446	288831	317767	346486	397143	444825	474594	498843	527558
41256	361696	361698
158573	285723	332943	366456	483898	487550
80429	86199	87073	138399	191707	262286	364200	387987	404725	489673
20232	66653	82400	113380	223285	321616	331718	370317	385591	535681
5384	110507	110512	110748	192985	372395	432505
6557	11352	67614	67616	67617	67618	67619	134561	152220	155320	225624	306814	392622	395547	437058	471348	474245	479143
13146	13752	22979	43798	51660	122728	136953	159929	225783	290347	298914	316752	320545	320761	329817	352817	371837	395752	443545	459197	467827
8866	68103	156330	186743	386218	504608
74550	74552	83155	96158	127568	172367	172369	179921	179922	247058	247059	252788	538287	538480	538974	542184	542683	543161	543162	543173	543247	543899
164133	173160	530421
69474	378519	402485	422756	426387
187138	238935	241623	336468	362231	426133
12382	150444	216938	290148	324252	325240	384227	437177	526724
38926	116233	161318	172595	308654	315446	376908	430858	517813	531212
188202	208523	456247	522092
124476	511816	511862
32531	276029	434086	458489	518638	523392	535215	535702
123128	241897	447338
74550	74552	83155	96158	127568	172367	172369	179921	179922	247058	247059	252788	538287	538480	538974	542184	542683	543161	543162	543173	543247	543899
187138	238935	241623	336468	362231	426133
34869	37099	177542	228303	247967	302567	352450	438089	525731	531408
12898	44502	91623	159503	174631	246476	248173	272669	358002	358004	358006	380100	394804
21742	46750	134247	171553	223767	258658	306262	421935	442607	458567	518137
323531	323532	323534	460955
57824	82730	90608	107186	109422	328644	377039	391732
91927	215767	285310	289765	289766	346397	346403	398891	398893	410927	410930
842	8815	13087	13095	13097	13103	13108	13121	13123	50197	74782	75826	93611	93614	93615	93617	93618	97870	97871	97874	122473	167799	167800	167801	167802	167804	167806	167811	221805	222128	250530	250543	253914	253918	439922	446488	468336	500224	500233	502776	502780	502809	502821	502824	502829	521767	521769
31150	31152	203415	241701	354193	359456	364760	378207	402117	406611	464252	501452	522915
94085	98742	152903	226158	240113	274813	544421	545678	545919	546598	547883
22412	44291	224536	230956	230957	230962	255796	255797	255799	255800	255803	255811	255813	255814	255815	255817	255818	255821	255825	255827	255828	255830	255832	255833	255835	255838	278618	288065	321548	321550	369782	369783	369784	369785	369786	369787	369788	369789	369790	369791	369792	369793	369794	369795	369796	369797	369798	369799	369800	369801	369862	369863	369864	369865	369866	369867	369869	369872	381780	400780	416226	416272	487291	487436	494440	494444	494449	527610
91927	215767	285310	289765	289766	346397	346403	398891	398893	410927	410930
45156	45157	304504
4015	48899	133720	223513	318905	342041	357018	478326	501994	519242	541015
2721	172871	189129	211198	211918	236093	260883	315436	373202	387809	452472
5081	9526	16832	72915	72916	85375	85382	85383	95730	97140	105481	123183	185312	203818	317458	321818	321821	321826	379869	434697	446932	458382	458383	461898	480478	480479	500861	500862	500865	500866	500867	532649
17611	17715	21518	26459	27966	30510	67500	70124	73723	80512	104658	105707	123975	147416	183542	189757	209188	218045	222499	223527	285633	293177	298784	299108	315995	326014	327094	354094	368934	373465	382755	396422	405980	412581	416314	419480	420183	474564	476367	508858	521365
205959	277036	457072	457085
74550	74552	83155	96158	127568	172367	172369	179921	179922	247058	247059	252788	538287	538480	538974	542184	542683	543161	543162	543173	543247	543899
152001	197814	197818	207963
52213	144025	260220	290798	290869	335744	339010
48448	112055	143671	161659	171979	213793	269571	277912	302342	302350	307970	319569	343601	346970	351716	418605	503245	519124
19917	60085	73898	115226	124498	138799	139160	174251	184310	191337	261169	270535	294557	313616	326840	343578	408250	416373	484992	528449	528512
179001	391697	412528
21193	74639	133887	151531	241574	297110	345863	382408	410106	426827	428152	445944	451372	505600
16109	16111	97128	97129	97202	216065	268915	280334
103425	272098	329071	381137	434278	482499	487438	512302	513830
41256	361696	361698
19767	20763	31348	51187	95539	105238	137338	216885	217970	225811	249514	273670	430544	530090	540372
25301	174471	344202	344204	440423	440425
213603	213604	213613	213615	213617	249025
180976	204438	227999	252738	416394
4146	21483	25701	33803	35571	42149	49035	51773	51935	53222	63874	66787	78553	83969	102775	108580	133152	158023	178686	195538	201227	214149	220904	248037	251852	251959	258780	265445	271813	272524	276246	301600	304321	306793	331207	337486	403381	407774	421033	435365	451183	462832	468261	468948	478839	483679	493743	497701	499925	503771	504740	519747	520679	525716	537153
306740	330314	531801
301690	490282	495392
218871	454021	478037
97264	261804	334721	358944	469808
11392	47706	285772	459582	525488
227683	433612	509043
2230	17348	47156	63867	76246	303329	312849	351508	353748	361150
163452	183408	299655	331526	387434	504235	505148	540854
48244	55907	89052	98986	371227	492981
18103	34108	51103	93112	154817	183514	202852	230512	240693	274819	289263	382571	396542	418808	435969	438438	457208	478344	481287	503250	506211	514958
132737	135088	364856	428580	428582	474613	516378
132737	135088	364856	428580	428582	474613	516378
39537	39538	39539	39540	39542	151456	151748	151750	151751	176604	176908	218281	257397	536741	536742	542826	542867	542870	542871	542872	542874	543730	543731	543762
13857	50739	82953	148417	148423	369409	369455	451280	453071	477597	502452	514143	534712
33175	57659	72183	280181	345827	369920	393849	417695	441552	487659	490177	516170
3883	30039	134175	141436	197127	201731	319970	340397	510393	541139
144045	156667	169044	173236	194080	365781	367283	386697	445264
57824	82730	90608	107186	109422	328644	377039	391732
23490	86953	114651	203826	365196	365197	365198	365199	365200	503396	503406	516830	517525	517526	517527	524843
309625	425504	448700
44450	73912	73929	73933	73934	73938	152543	153391	220460	256938	274305	283470	394046	428193	428498	445204	469079	469094	469095	469135	469140	478116	479422	489415	489424	493980	530720	536410
38970	66574	152778	462944	477570	533323
122814	170619	249819	269061	334761	426274	515081
35284	59771	109204	149985	153287	222178	329470	408058	504430
5457	15489	27651	31953	60667	203359	251108	270273	289158	310937	316207	344438	354742	361070	369475	373680	444683	495664	496329	544957
18479	52787	102292	126974	298838	387411	389114
66912	186715	219322	261575
9100	11963	57073	91212	188107	194821	228249	239536	249941	273700	285513	305014	307290	319526	332498	362096	392146	409427	415432	415922	448464	483965	515129
187138	238935	241623	336468	362231	426133
257413	413700	528782
72095	84026	122929	135302	143438	151254	154047	166536	183883	235822	239656	371709	384060	395085	418134	448074	511373	526595
36956	354618	377661
118203	201878	206513	212121	365285	381652
144403	459728	491995
147735	169543	219957	284749	346229	461219
284931	364317	364353	388131	388132	388133	388134	397878
41256	361696	361698
11773	48550	73233	133069	213093	238783	253868	273712	281946	332097	368011	391925	501400	505764	519200	525564
39024	340358	346686	348122	382265	406622	461663
12785	27959	82924
12517	65503	139490	229173	418046	455035	493553	512945	533547
12086	105500	111829	112046	384672	542868
94085	98742	152903	226158	240113	274813	544421	545678	545919	546598	547883
3114	29826	36638	40035	45625	56335	70193	73922	136344	148444	148725	150549	161142	169366	186139	194423	201374	203424	216586	221763	233179	272052	319737	364241	403820	411753	435749	436280	479189	484103	484636	489771	509594	513071	516044
60316	62937	246646	544163	545245	547205	547555	547663	547944	548137
179001	391697	412528
10597	31146	240442	327664	399829	464899	496047	531694
26567	138036	162823	169502	199799	209923	530596
160798	233468	257621	281988	348108	353931	372238	396166	415253	443821	492595	501902	522415
36892	48413	73083	106060	296324	332135	353526	373569	395227	440074	472417	504887	534469
314443	314450	353272	479970
16109	16111	97128	97129	97202	216065	268915	280334
10734	60559	68871	86908	93789	109891	110039	182359	257779	259228	287274	309868	316084	324314	324599	350514	377757	391981	411757	443042	474028	487194
69805	81384	250579
111722	111726	122613	122622	138325	147105	147107	181666	223046	249702	362176
244648	391269	526636
12060	12062	29584	265611
74550	74552	83155	96158	127568	172367	172369	179921	179922	247058	247059	252788	538287	538480	538974	542184	542683	543161	543162	543173	543247	543899
227683	433612	509043
413095	413096	463313	463934	529308
141498	162722	287495
57824	82730	90608	107186	109422	328644	377039	391732
12060	12062	29584	265611
42761	58894	102756	108405	172687	173342	329503	387236	426707	455994
56979	146229	276753	402482	455263	475285	477697	482546	531758
11065	31591	55931	168287	197866	216739	241646	299114	342259	355648	379596	427444	478910	500652	530841
55714	126810	457372
4624	214232	516499
17137	26087	62648	62649	87403	266342	337386	521520	531451
111722	111726	122613	122622	138325	147105	147107	181666	223046	249702	362176
65390	180936	182210	214026	295115	319423	367843
842	8815	13087	13095	13097	13103	13108	13121	13123	13794	13799	49521	50197	58469	74782	75826	90018	93611	93614	93615	93617	93618	97870	97871	97874	116158	122473	165680	167799	167800	167801	167802	167804	167806	167811	190772	203430	221805	222128	237897	250530	250543	253914	253918	262528	262529	262530	262535	262540	268569	324170	429065	439922	444995	446488	452619	461482	468336	500224	500233	502776	502780	502809	502821	502824	502829	521767	521769	527894
124773	222735	365448	464568	489152
180712	234292	288126	304564	331974	356196	364176	380137
5465	317640	353015
120942	146227	213167	267988	278186	300388	394142	452083	508006
1639	1641	51926	94267	96981	107212	142820	199217	224937	229515	260638	270541	479301	512204	537270	544934	547527	548255
174172	296511	478316
7606	17667	32290	34262	113434	132461	135104	159959	205265	286421	395207	404481	466969	467080	530618
55727	78359	170327	335007
5081	9526	16832	72915	72916	85375	85382	85383	95730	97140	105481	123183	185312	203818	317458	321818	321821	321826	379869	434697	446932	458382	458383	461898	480478	480479	500861	500862	500865	500866	500867	532649
68113	78426	124977	248483	324474	383234	528802
213603	213604	213613	213615	213617	249025
314443	314450	353272	479970
33374	119112	215280	349932
38545	39526	42617	100555	101573	109149	116460	131416	157852	161271	165194	169330	247343	247358	259168	260602	281324	288273	290420	301152	368865	384854	420916	480822	481044	495935	500515	501622	502939	518013	522641	523585	523792	540957
68969	169028	218076	298135	429236	431350	434288	482589
2625	5338	6971	8926	10997	14567	15554	19877	21532	27137	29201	38476	40318	42819	42921	45769	47559	48359	52895	60779	63483	71292	73966	79227	83252	85570	88867	92920	98354	99335	105394	107930	119275	121262	123533	126713	129562	130619	147760	147977	150430	153173	157915	162584	164151	168608	173221	180642	183951	184010	184528	184707	185630	186253	188991	191745	193587	198073	198181	213689	217000	220148	223185	244947	245970	246810	248193	248492	254441	258433	265286	265474	271345	272733	281663	293867	296660	302081	315743	316031	319052	324898	327740	332123	343067	343898	344237	351358	355265	356693	362223	371893	376352	377393	385756	392256	394033	395771	405648	412972	419830	423124	423708	425261	428970	431758	433145	433665	434007	439553	444736	454538	465101	465985	467711	471591	474184	476031	491586	492176	492399	493039	493381	497880	497950	504364	505559	509523	512705	522223	525304	526588	531007	533484	533970	534192	535723	537524	541359	544391
6092	109233	109234	171970	171972	207285
17215	353654	443155
24554	209225	256705	322648	348165	527653	538888
153688	189151	199179	231860	231862	231865	238339	256663	260324	288738	347684	368721	398297	405970	407932	506485
180712	234292	288126	304564	331974	356196	364176	380137
78535	165352	546303	547111	547342	547343
198055	234089	293039	293044	434190	436949	461185	525180	540024
35237	51400	67936	92834	349561	423405	471280	496149
127282	139308	225913	225917	225920	270531	394455	402113	402118	424025	426077	450891	473881
22412	44291	224536	230956	230957	230962	255796	255797	255799	255800	255803	255811	255813	255814	255815	255817	255818	255821	255825	255827	255828	255830	255832	255833	255835	255838	288065	321548	321550	369782	369783	369784	369785	369786	369787	369788	369789	369790	369791	369792	369793	369794	369795	369796	369797	369798	369799	369800	369801	369862	369863	369864	369865	369866	369867	369869	369872	381780	400780	487291	487436	527610
94085	98742	152903	226158	240113	274813	544421	545678	545919	546598	547883
28879	102134	117609	173667	305042	306504	327667	423171	438183	490100
244648	391269	526636
45104	48394	254829	537472
44628	84532	96511	169922	181142	224444	236237	260991	273391	285348	339497	363723	394650	408706	436941	439165	467157	483628	488210	491454	508548
38673	51162	214408	294043	362026	467673	470113	482419	507403	528331
16109	16111	97128	97129	97202	216065	268915	280334
286624	294926	331605
28328	52693	151422
112813	112814	112821	112823
38673	51162	214408	294043	362026	467673	470113	482419	507403	528331
9106	32902	54912	251223	264870	347713	388029	428205	428212	428214	428215	435477	435500	465815	500878	500880	500881	500896	512037
214558	280574	370607	428574	496793	496834
111722	111726	122613	122622	138325	147105	147107	181666	223046	249702	362176
23490	86953	114651	203826	365198	365199	365200	503396	503406	517525	517526	517527	524843
448	2117	28123	44008	52713	55701	56684	75848	80796	81042	104366	114138	121361	130042	131874	154321	155025	158327	168181	170021	203546	260305	271148	321910	333085	334420	334588	338300	338709	347419	362528	366149	389968	392186	396362	410087	449691	455467	467401	471848	475036	485055	488416	491851	519832	520877	525658	529820	544416	547506
236462	318313	392318
5197	22780	35814	37101	56342	57060	57722	72880	75588	75935	90557	100623	107045	129143	142229	156150	157635	173371	176500	176695	181785	196910	245851	246767	271270	284216	290968	308167	338700	352799	352885	393110	398631	407895	415981	418918	455942	467258	485935	486884	490231	509535	515422	535153	541552
5912	10634	79625	80442	154396	171724	171725	184624	187686	187693	192194	231581	256469	316824	341397	346359	375557	401756	432330	432383	473668	474939	474942	474945	474946
49682	72215	93385	93948	115979	133599	168327	190467	281726	289681	329143	356159	380217	407037	463063	480482	526575	531405
22753	47498	84217	100084	136208	179179	185150	214023	255722	262922	359500	378414	408658	512234	530227
42223	62861	475234
74012	162579	163140	329735	359073	395421
6290	16051	20998	91627	109271	186585	223416	237771	277700	302104	342521	343351	384625	417199	471109	495975	524273
12681	26230	112668	120595	120631	152758	280772	280779
85960	100001	185031	334881
136925	161707	208815	298734	412081	435762	447387	465201	471356
2246	40924	68704	74720	147766	162314	199476	222688	243994	260488	268943	276364	338095	349653	408445	462002	464495	488231	517892
17709	22383	22687	29420	30231	31816	51130	54426	54592	62052	68266	77207	89482	93050	95025	96570	99737	101887	110845	113814	120216	122110	138082	143298	144759	145667	145796	148667	148815	153667	154531	155547	170852	173982	174042	183335	190037	192753	205753	220940	237412	241881	242922	245861	250473	251270	255998	266875	267488	267589	276303	282030	291353	302934	303224	303820	323234	323681	323839	327230	332625	334702	334949	335207	343273	362794	385452	387927	388820	399472	406316	421055	430917	439926	447132	449271	470241	471504	478239	490663	491704	492019	493688	502220	502957	513584	514234	514938	518779	520043	522052	523122	524835	534183	543383	544881
263151	263163	263164	263165	263166	527914	527915
29103	36581	55457	61091	65312	75169	84639	85900	109242	110457	114761	122965	140945	150359	154377	164602	232317	272804	275458	299812	300742	317034	319392	371964	383679	395887	407219	422634	431548	459609	488010	508669	537703	543414
26567	138036	162823	169502	199799	209923	530596
56946	80954	133099	180712	234292	288126	304564	331974	356196	364176	380137
45548	125857	147931	215266	249771	360314	468231	532208
8720	22915	47521	49211	78517	118030	239132	286824	339296	480628	488277	496847	518489
180976	204438	227999	252738	416394
14011	19088	65997	67958	107705	107706	107709	107716	107776	122553	135151	135539	168508	196367	211235	226384	234872	243825	282729	285418	311950	312017	324629	341855	342254	435829	456222	521994
28914	435234	442226	463375
285731	303758	425584	450405	474377
17928	28416	150515	169906	303431	317062	389290	521792	529784	533788
27504	60683	92465	109590	117486	121926	145537	146955	161336	176985	215061	230462	273989	284155	284970	295130	317910	321070	335776	341967	345173	396551	401686	421754	422027	422838	430353	459353	462308	467394	484357	501646	529577
5138	75941	90360	275015	505734
198055	234089	293039	293044	434190	436949	461185	525180	540024
176255	468259	532724
61988	78836	109820	161587	173589	186785	201513	201515	282755	328420	386060	445524	469573	523362
8466	180100	336130
132737	135088	364856	428580	428582	474613	516378
109595	114378	114379	126430	126433	126441	132756	132763	246060	270524	545994	545995	546890	546891
192260	201171	230723	400924	464459
2137	31014	78589	94796	147315	236392	335132
38970	66574	152778	462944	477570	533323
7354	14088	34701	48881	56688	67485	91161	95456	116168	117507	123033	143748	147500	158156	165937	170911	171152	172517	198470	219866	237402	244847	269951	274645	284716	311323	331778	335564	342933	352223	359712	361345	381847	396939	420729	421169	424495	442249	476202	486744	497038	509718	515042	544993
9893	52159	63198	91552	104469	105844	188510	191962	221011	232218	241413	248243	254714	275789	298405	346425	362384	378932	395878	412947	417079	440889	462537
315279	339336	363574
78242	154138	389396	498265
179001	391697	412528
12860	259691	273419	445499
2935	8546	37312	52850	57868	76076	76588	92451	99270	115476	121551	136512	159870	167319	175417	179255	183430	185930	196891	197590	216822	219109	242336	243758	243803	246509	268300	314903	328483	329234	336197	365332	367118	375325	376672	376975	392090	400604	418746	422473	472911	490032	492754	498635	502495	505175	516834	517850	532895	533033	542607
61337	129710	154384	253676	261266	285631	370763	402042	456628	468716	519227
48445	62000	81224	90315	139540	158287	168553	168555	174935	186990	203274	214187	232163	249936	283031	290071	297405	302333	306688	312934	317851	328685	351686	364541	384433	408237	420655	463162	470264	496096	499025	515701	518975	521507	526889	531261	531276
42888	58675	217362	260685
2625	5338	6971	8926	10997	14567	15554	21532	27137	29201	38476	40318	42819	47559	48359	52895	60779	63483	71292	73966	74666	79227	83252	85570	88867	88974	92920	98354	99335	105394	107930	119275	121262	123533	126713	129562	130619	147760	147977	150430	153173	157915	162584	164151	168608	173221	180642	183951	184010	184707	185630	186253	188991	191745	193587	198073	198181	213689	217000	220148	223185	244947	245970	246810	248193	248492	254441	258433	265286	265474	271345	272733	281663	293867	296660	302081	309070	315743	316031	319052	324898	327740	332123	343067	343898	351358	355265	362223	371893	376352	377393	385756	392256	394033	395771	405648	412972	419830	423124	423708	425261	428970	431758	433665	439553	444736	450482	454538	465101	467711	471591	474184	476031	491586	492176	492399	493039	493381	497880	497950	504364	505559	509523	512705	522223	526588	531007	533484	533970	534192	535723	541359	544391
218871	454021	478037
15708	44578	60897	85733	110288	114293	114561	182337	184866	346617	372891	508820
4102	183325	209823	260990	296623	399523
9650	43881	74550	74552	83155	90380	96158	108194	127568	134221	134224	134225	134228	144191	144193	157624	172367	172369	179921	179922	199097	199099	203703	247058	247059	252788	270306	534623	538287	538480	538974	541418	542184	542321	542446	542683	542902	543056	543105	543161	543162	543173	543247	543343	543720	543789	543860	543872	543873	543874	543875	543899
56630	142980	205060	287196	356294	380243	448373	454314	500534
15076	59577	65021	127991	128608	159862	160253	175090	180506	196488	226152	250941	258812	275230	300828	309623	309717	313922	335413	337884	345744	359616	373858	383515	401020	412738	414140	429766	457840	458934	465692	530043	540213
9106	32902	54912	251223	264870	347713	388029	428205	428212	428214	428215	435477	435500	465815	500878	500880	500881	500896	512037
14599	32239	73054	101295	113773	126757	138428	171491	200196	227747	243469	337503	387972	404752	443897	459971	468191	492349	497338
96236	101649	102034	102035	413287
77823	232310	317717	334830	334840	334845	334846	340946	381994	393657	393666	394247	394281	394286	394287	394851	406835	406836	479901	533819
2894	3679	8026	24580	46711	89055	94083	97717	107131	108363	110775	110776	110777	122664	122666	137527	137545	148848	195564	208201	212045	230357	237858	241235	282393	328417	328419	328430	330850	332872	348754	364623	364634	381719	395197	403965	404010	432293	450297	454413	478362	517201	523811	524208	526185	541417	541419	541801
16164	156021	203547	204591	470794	522328
124469	486164	522664
11818	45243	96868	412100	425116	425125
53535	65561	154372	203209	208158	257881	301541	322787	347443	427063	501488
162739	177148	179026	424078	429428	510004	510005	510016
60469	178472	225413	250186	301853	404231	408235	488254
2625	5338	6971	8926	10997	14567	15554	27137	29201	38476	40318	42819	47559	48359	52895	60779	63483	71292	73966	74666	79227	83252	85570	88867	92920	98354	99335	105394	107930	119275	121262	123533	126713	129562	130619	147977	150430	153173	157915	162584	164151	168608	173221	180642	183951	184010	184707	185630	188991	191745	193587	198181	213689	217000	220148	223185	245970	246810	248193	248492	254441	265474	271345	272733	281663	296660	315743	316031	319052	324898	327740	332123	343067	351358	362223	371893	376352	377393	385756	392256	394033	395771	405648	412972	419830	423124	423708	425261	428970	433665	439553	444736	450482	454538	465101	467711	471591	474184	476031	491586	492176	492399	493039	493381	497880	497950	504364	505559	509523	512705	522223	526588	531007	533484	533970	535723	544391
9106	32902	54912	251223	264870	347713	388029	428205	428212	428214	428215	435477	435500	465815	500878	500880	500881	500896	512037
41885	66520	107582	207524	215778	228892	248812	253624	273314	343630	463360	525454
42155	127085	258784	330244	354458	396741	414237	486636
45247	55017	158534	339500	469396
17215	353654	443155
43657	62080	80682	136713	163046	222737	224484	249270	267959	377023	473474	473755	530348	534978
1776	14948	15859	24054	32065	42826	48467	63151	68116	73128	87891	93317	129997	134663	156457	159988	182858	193110	194944	196987	197841	199507	199986	206283	233996	247651	260469	276007	284796	285433	293715	299112	311018	321831	326225	334953	353013	371067	380776	399039	410759	416423	422155	446503	452082	452464	465402	495357	497384	501277	510562	512468	518125	518984	520324	533437	540659	540861
23175	379748	382799	431927
34813	132051	178198	191156	241624	292183	329439	330260	364805	388653	414719
14896	21659	21695	24397	42346	62867	67051	71036	75245	87626	132671	145089	158674	162709	163015	166077	182587	188698	205505	210462	233838	240678	254423	258501	278725	282906	303160	305716	320287	350288	354251	370812	408836	411795	422063	436124	438354	445259	486888	519672	534790	538222
1547	45292	45295	53978	60658	103117	103118	103120	104712	120328	141007	260938	263181	326464	334974	351390	484333	504033	528285	536934
237977	435552	481973
124	243477	302516	318491	320027	366784
14930	24221	31001	31598	47988	71445	75184	84961	88563	116682	125774	186391	213239	214485	231148	240723	258173	259495	270262	283892	287345	305604	317951	320777	325282	328691	348225	351766	373549	385201	385257	410779	420599	456448	467717	480390	492179	513318	519355	523265	530309	534859
38076	276443	362908	388892	450893	476054	482518
18479	52787	102292	126974	298838	387411	389114
19006	20353	36212	130580	147273	164738	184854	266542	267803	309698	357847	375611	414330	446541	462268	463325	465393	495135	517602	544044	544964
411	25558	111832	172588	172609	207834	536250	536254
103425	272098	329071	381137	434278	482499	487438	512302	513830
160798	164828	233468	257621	281988	353931	501902	522415
34069	93746	118346	164375	268565	293070	332827	334329	358591	362923	406380	420513	423318	430354	520700
1282	1637	1640	4767	8324	9244	9246	9247	9252	9253	9254	9277	9282	9284	9834	10034	10035	30679	38972	38973	38974	38977	38978	38981	38982	49756	51393	84392	106093	106103	261662	544170	544403	546316	546317	546961	546964
22153	22154	131663	243593	243595	544099	544101	546671	547406
67152	108939	242898	273685	343188	365944	405248	485768
348108	372238	396166	415253	443821	492595
36956	354618	377661
34464	53577	115788	268978	443467
23490	86953	114651	203826	365198	365199	365200	503396	503406	517525	517526	517527	524843
187138	238935	241623	336468	362231	426133
9106	32902	251223	264870	347713	388029	428205	428212	428214	428215	435477	435500	465815	500878	500880	500881	500896	512037
6633	11593	27451	27841	49271	102198	103808	124244	175208	177684	222832	247631	247703	265673	339167	346493	372073	401800	404226	404701	420400	479041	482092	493075	504729	523382
160798	233468	257621	281988	348108	353931	372238	396166	415253	443821	492595	501902	522415
213603	213604	213613	213615	213617	249025
314443	314450	353272	479970
12382	150444	216938	290148	324252	325240	384227	437177	526724
73466	73477	219615	419978
122115	139994	473502	495814
53535	65561	154372	203209	208158	257881	301541	322787	347443	427063	501488
56630	142980	205060	287196	356294	380243	448373	454314	500534
842	8815	13087	13095	13097	13103	13108	13121	13123	50197	74782	75826	93611	93614	93615	93617	93618	97870	97871	97874	122473	167799	167800	167801	167802	167804	167806	167811	221805	222128	250530	250543	253914	253918	439922	446488	468336	500224	500233	502776	502780	502809	502821	502824	502829	521767	521769
12060	12062	29584	265611
18650	238657	238665	263317	359086	380882	401165	401170	401173
85046	119819	168972	172817	172824	201863	248716	263268	345974	515235	537001	538606	538610
62352	111230	421254
423341	440525	468511
30623	76457	104494	136452	173156	308223	407878	410225	431590	535009
25094	30012	80153	117848	129164	163200	184191	188313	205669	233405	243289	255399	284366	298966	309970	315063	315407	321687	333688	345802	369899	417663	441533	455520	526095	526608	540443
175657	467601	530943
62554	144469	260897	445322	507060	507063
4102	183325	209823	260990	296623	399523
77227	218279	379559	426952
1602	316508	330542	365982	382058	417272	425507	495172	523055
37922	199497	287016
137144	186907	189330	199812	220034	382482	524325	526388
38006	62586	111985	153965	186509	275408	419797	524665
124	243477	302516	318491	320027	366784
192722	272062	312007	365437
14930	24221	31001	31598	47988	71445	75184	84961	85979	88563	116682	128871	186391	213239	214485	231148	240723	258173	259495	270262	283892	287345	305604	317951	320777	325282	328691	344078	348225	351766	373549	383399	385201	385257	410779	420599	428038	456448	467717	480390	492179	513318	515453	519355	523265	530309	534859
179558	258340	258343	421692	421693	421694
113748	138273	163163	210212	456487	466352
9106	32902	54912	251223	264870	347713	388029	428205	428212	428214	428215	435477	435500	465815	500878	500880	500881	500896	512037
55591	76293	121097	169552	234924	395215	428101
36956	354618	377661
25301	174471	344202	344204	440423	440425
29759	39537	39538	39539	39540	39542	151456	151748	151750	151751	176604	176908	218281	257397	536741	536742	542826	542867	542870	542871	542872	542874	543730	543731	543762
5465	317640	353015
121006	121475	168431	175809	193599	207193	263169	271753	301093	324488	350839	357226	376665	422678	449137	473120
28914	435234	442226	463375
69474	378519	402485	422756	426387
7630	79348	300830	313309	314477	366327	541715
314443	314450	353272	479970
288072	490377	535855
55714	126810	457372
3883	30039	134175	141436	197127	201731	319970	340397	510393	541139
3236	38006	55494	62586	62953	87721	95142	111985	146326	150611	153965	161395	186509	197043	222379	275408	275541	305536	322564	329061	385459	396806	413664	419797	436427	457678	464744	474918	476839	505305	524665
34448	50982	304046	420611	420617	420620	476959	476975
111722	111726	122613	122622	138325	147105	147107	181666	223046	249702	362176
69001	102612	146269	215620	283137	292617	358440	468203	521114	539633	539640
14280	110854	143979	157587	256350	286107	376663	479118	499264
3375	19319	40008	98725	105719	161231	185464	186328	199682	207491	208349	218069	243005	253222	348448	349314	372562	373450	419909	451875	468369	475012	492944
91927	215767	285310	289765	289766	346397	346403	398891	398893	410927	410930
65060	125994	133562	144713	159868	162977	164250	168743	182116	189339	207402	219229	231714	260596	293562	308944	313823	339172	343646	375097	406785	422696	455986	472600	475084	484303	515316	532383	547471
36734	59130	293701	325434	530707
31173	38009	115054	278864	342984	389547	413249	413257	432850	492137	515761
74550	74552	83155	96158	127568	172367	172369	179921	179922	247058	247059	252788	538287	538480	538974	542184	542683	543161	543162	543173	543247	543899
40110	89049	111754	218900	239826	373969	446572	461015
67747	105664	199086	199088	281568	394449
25301	174471	344202	344204	440423	440425
39537	39538	39539	39540	39542	151456	151748	151750	151751	176604	176908	218281	257397	536741	536742	542826	542867	542870	542871	542872	542874	543730	543731	543762
111722	111726	122613	122622	138325	147105	147107	181666	223046	249702	362176
212909	237561	242766	326460	496699
12645	12646	12647	12648	15449	83324	83334	107093	108776	110902	115116	151266	151269	194845	231917	265276	321908	326932	371827	372232	424839	520666	534919	534920	538450	538465	538471
66912	186715	219322	261575
10902	19148	32451	46703	76467	94931	239461	286893	312811	412102	464086	509145	513654	525025	535408	541970
2230	17348	47156	63867	76246	303329	312849	351508	353748	361150
13507	52414	73606	77307	101960	114258	136805	157436	162278	182520	326114	350260	362817	363913	365166	387705	392538	411500	445249	472275
85039	142163	247773	272462	356263	358351	410235	515489	541930
60469	178472	225413	250186	301853	404231	408235	488254
139413	146125	155108	155111	177753	298861	316680	407389	450365	503551
61337	129710	154384	253676	261266	285631	370763	402042	456628	468716	519227
18871	29281	156783	164033	340064	487657
26564	78311	216368	220061	267768
24123	88684	89676	89678	451013	490196	522748	532481
91816	116407	438364
29759	39537	39538	39539	39540	39542	151456	151748	151750	151751	176604	176908	218281	257397	536741	536742	542826	542867	542870	542871	542872	542874	543730	543731	543762
48244	55907	89052	98986	371227	492981
30600	279287	339180	342724	415141	425574	481907	496284	515124
54424	85206	177301	432414	538158
8624	17637	52602	167296	201470	208857	278798	279279	314560	314562	320064	321722	371764	480955	503374	503379	507101	528245
60243	131944	303749
169423	465191	528417
8558	315381	449093
79503	101861	106173	114322	148907	153636	161757	201671	207228	221661	275045	280108	283055	284655	311040	313296	341228	364875	388652	393295	397377	462530	466428	475732	476504	499015	526555	539909
236319	287450	324553	326801	350956	355078	488055	496357	532242	533220
12086	105500	111829	112046	384672	542868
15919	53560	64572	64749	65000	68257	71640	81499	84239	96130	102941	132608	137824	139356	145911	145932	150243	166867	189143	194836	200801	200952	233632	233725	237442	243977	246926	271422	276649	310305	319620	324456	325553	326762	348418	355542	357095	372675	373768	379479	381935	384360	390782	413040	421764	423381	427308	445362	459129	459328	476115	487636	491070	509448	519807	526060	533527	541584
239451	240095	512545
32082	35642	163587	286958	437349	437352
74550	74552	83155	96158	127568	172367	172369	179921	179922	247058	247059	252788	538287	538480	538974	542184	542683	543161	543162	543173	543247	543899
13169	128999	221577	258922	345163	456085	522815	523198
213828	455453	479488
5081	9526	16832	72915	72916	85375	85382	85383	95730	97140	105481	123183	185312	203818	317458	321818	321821	321826	379869	434697	446932	458382	458383	461898	480478	480479	500861	500862	500865	500866	500867	532649
19752	22782	36397	38984	88413	103633	113052	237888	516643
42687	44355	51882	81166	143104	161938	201570	201572	201574	215112	216724	235844	252984	257863	260603	277248	463234	487203	509575	512040	523685
46515	47075	67316	116731	214126	299453	332834	375255	457735	478539	529871
286624	294926	331605
5892	60095	100582	129861	144441	250015	294760	316076	330976	366337
3114	29826	36638	40035	45625	56335	70193	73922	136344	148444	148725	150549	161142	169366	186139	194423	201374	203424	216586	221763	233179	272052	319737	364241	403820	411753	435749	436280	479189	484103	484636	489771	509594	513071	516044
11462	163294	209787	318299	319527	332739	385265	416994	421463	430736	514230
34069	93746	118346	164375	268565	293070	332827	334329	358591	362923	406380	420513	423318	430354	520700
33551	34120	184680	219207	268686	293154	300584	300590	444342	451794	519084
2223	68284	114393	139407	244679	261397	264686	289508	328671	424392	479184	497568	527734	530164
4998	6165	29915	49151	78957	83619	90239	114303	116597	164476	173377	211010	268035	336727	338919	350246	353578	371949	421174	426850	445087	469736	475281	503036	528451
4102	183325	209823	260990	296623	399523
33959	120070	444034
46192	49529	188916	222974	300959	316610	359357	372164	506982
24557	26566	26762	56155	67190	175974	184730	260549	323358	328054	364530	399966	513863	516215	527759
149259	192466	276799	334450	363813	386371	430475	437545	490395
78535	165352	546303	547111	547342	547343
36956	354618	377661
7630	79348	300830	313309	314477	366327	541715
13837	15316	133589	293389	382801	386834	392824	410573	430704
128544	278731	317254	341322	341324	341326	341344	341352
74550	74552	83155	96158	127568	172367	172369	179921	179922	247058	247059	252788	538287	538480	538974	542184	542683	543161	543162	543173	543247	543899
42868	123096	167695	206343	273513	284791	298005	312399	314150	434044	453405	454097	488842	501075	501384	538160
16253	27877	31798	50037	54603	59216	72965	74703	77068	99160	124223	132771	139847	144958	148960	152594	157592	160435	164668	180583	187171	206281	232354	232913	247826	256182	258456	264303	295343	310594	312581	326337	327789	330122	330216	332507	336537	344721	348809	351039	351604	375640	380681	399606	404609	405299	407423	411667	435530	452442	460548	482957	509664	519036	520459	521011	521818	522261	523270	529142	531808	533939
18761	20716	42023	55464	68576	70820	72560	80532	93483	142708	171252	177643	188145	198400	218956	232962	243937	246045	326811	370166	396350	398611	409245	410027	413997	420131	422366	459666	462174	483799	488493	508717	512409	513275
134939	348821	415746	439139	457766	517963
62992	116984	472121	484566
183955	221870	238496
14435	59509	68430	84384	93341	172036	294094	310314	311354	431313	504212	537726
66334	66338	136733	145588	287486	423025
43657	62080	80682	136713	163046	222737	224484	249270	267959	377023	473474	473755	530348	534978
5384	110507	110512	110748	192985	372395	432505
16109	16111	97128	97129	97202	216065	268915	280334
55727	78359	170327	335007
3841	74788	353325	377372	377380
146898	146900	221788	239211	247776	325697	325701	476489	489767	514817	529612	541928
65047	240416	546586
28914	435234	442226	463375
25301	174471	344202	344204	440423	440425
53198	136177	136179	177374	237754	262450	302489	331946	354092	363419	363420	363427	363428	454459	499411	523408
74497	74522	243985	456156	494652	506413	509251	519498	535871
18479	52787	102292	126974	298838	387411	389114
57824	82730	90608	107186	109422	328644	377039	391732
10894	99122	223802	266177	269398	297608	343464	359725	367675	418818	486535	487448	515271
951	200511	414227	414228	445494
41256	361696	361698
68775	188036	250147	269006	386375	501967
28865	130442	356449	502349	502359	502398
55727	78359	170327	335007
12346	98663	180078	373724	429812	453191	538597
2797	15952	31200	47626	57116	61118	72238	80005	109243	115271	129002	129819	140476	165128	196566	198304	202609	203397	216625	264309	266187	270593	278146	283440	315577	320858	323371	323378	348877	384795	389473	412353	417383	429082	432569	438003	439622	463702	472962	480884	497828	499649	501124	514909	516992	528717
42761	58894	102756	108405	172687	173342	329503	387236	426707	455994
69474	378519	402485	422756	426387
6290	16051	20998	91627	109271	186585	223416	237771	277700	302104	342521	343351	384625	417199	471109	495975	524273
852	2556	2613	2917	49336	70350	90820	103626	127358	150211	160859	170622	196298	218600	222789	224305	292251	307273	329483	330153	358490	367698	407147	409740	420580	424145	444965	448512	449645	473660	513011	517958	524313
33138	86967	107110	129663	214960	264650	289094	486317	521391
183356	250924	275371	299770	372953	389000	412780	416950	425475	436711	440811	462792	487020	522161	525784
180712	234292	288126	304564	331974	356196	364176	380137
162739	177148	179026	424078	429428	510004	510005	510016
79489	87493	173707	178228	178229	178231	345470	461202	490051	490063	536783
16750	36684	37384	60074	153130	160818	504753	530151
109175	182679	215409	275648	331028
49230	360803	420228
7933	15292	16714	20070	52879	73991	77749	102398	115587	127074	165039	182913	190124	196165	205831	257703	266126	282034	341768	366000	382206	433499	457659	472771	481690	497625	516440
52177	342582	343803	357139	397652	517399
2797	15952	31200	47626	57116	61118	72238	80005	109243	115271	129002	129819	140476	165128	196566	198304	202609	203397	216625	264309	266187	270593	278146	283440	315577	320858	323371	323378	348877	384795	389473	412353	417383	429082	432569	438003	439622	463702	472962	480884	497828	499649	501124	514909	516992	528717
200366	252628	463961	485383
3687	28710	44808	50083	53023	61099	61731	65322	70588	86570	90138	110478	114768	123064	124215	135174	139398	149454	166072	191118	236828	240484	256888	262758	281266	341923	348763	357623	358052	416895	425157	431000	433199	440397	485042	493626	507862	517372	521815	533797	537458
152001	197814	197818	207963
10894	99122	223802	266177	269398	297608	343464	359725	367675	418818	486535	487448	515271
53080	103476	127683	136220	136222	175072	177231	267333	283378	306263	402571	406400	438775	540298	543483
104761	166117	193805	245190	262219	484283	521532
5384	110507	110512	110748	192985	372395	432505
1015	2797	14896	15952	21659	21695	24397	31200	42346	47626	57116	61118	62867	67051	71036	72238	75245	80005	87626	96812	96824	109243	115271	121462	121482	129002	129819	132671	140476	145089	158674	162709	163015	165128	166077	182587	188698	196566	198304	202609	203397	205505	210462	216625	231400	233838	240678	243863	254423	258501	264309	266187	270593	278146	278725	282906	283440	303160	305716	315577	320287	320858	323371	323378	348877	350288	354251	370812	384795	389473	408836	411795	412353	417383	422063	429082	432569	436124	438003	438354	439622	445259	463702	466135	472962	480884	486888	497828	499649	501124	514909	516992	519672	528717	534790	538222
102864	224684	252076	300185	312794	390184	462180	462181	462186
16832	95730	105481	123183	185312	434697	458382	458383	461898
202056	273441	339154
116982	216758	301613	312369	457714	492112
213603	213604	213613	213615	213617	249025
3850	11892	12009	16912	35115	38731	76213	80999	90260	91945	105595	135311	193268	204884	229019	248070	272841	311508	332908	411035	417921	450997	456108	481877	487539	496242	498600	506866	538792	544871	546444
18936	350365	486116	486120
168522	334107	378674
94800	103148	302845
29759	39537	39538	39539	39540	39542	151456	151748	151750	151751	176604	176908	218281	257397	536741	536742	542826	542867	542870	542871	542872	542874	543730	543731	543762
6213	100695	109591	110816	402779	402784	490295
21742	46750	134247	171553	223767	258658	306262	421935	442607	458567	518137
94085	98742	152903	226158	240113	274813	544421	545678	545919	546598	547883
33551	34120	184680	219207	268686	293154	300584	300590	444342	451794	519084
35213	42560	521750
1585	35191	148532	148535	159036	220702	220705	254399	300111	300120	310216	335158	335159	335171	341594	351682	425066	425067	429655	481957	513170	532991
17999	60502	82648	139614	154140	186839	273870	288281	331220	331221	331222	340164	421705	422988	458242	476590	530971	530974	543502
241722	544663	544664	544666
207803	217024	411292
47006	56618	166948	273463	456543	498058
3123	55674	109648	120923	120977	132830	137880	140689	143495	155868	157659	173171	175602	176204	181154	201249	202731	211279	248609	273113	283022	411093	419011	420629	423566	431231	453635	471834	485258	501192	536938
152840	161205	171167	177246	299566	381447	456369	505203
113217	327599	351760
57001	121673	165419	234939	387878	433912	458054	534457
22545	49608	92955	117583	141177	311003	436233	479546
94085	98742	152903	226158	240113	274813	544421	545678	545919	546598	547883
47797	58633	89278	138523	321512	340186
76608	88760	130722	203259	234035	341428	452316	463827	488085	528101
5081	9526	16832	72915	72916	85375	85382	85383	95730	97140	105481	123183	185312	203818	317458	321818	321821	321826	379869	434697	446932	458382	458383	461898	480478	480479	500861	500862	500865	500866	500867	532649
12904	18493	49830	67416	68152	78479	161796	182190	199549	221490	233927	239679	246279	246373	248522	260643	265479	326441	400566	401575	418739	422194	422369	450464	457079	540769
80144	171238	205236	212864	212867	212869	223206	360293	434083	495397	521649
354352	354356	387855	402259	402261	402264	402267	423934	426231	434494	510899
14599	32239	73054	101295	113773	126757	138428	171491	200196	227747	243469	337503	387972	404752	443897	459971	468191	492349	497338
423341	440525	468511
141160	166105	191151	213112	484517	509475
28513	51175	136210	159972	189286	204831	221801	301886	301889	313801	342330	379184	482998	542026
5384	110507	110512	110748	192985	372395	432505
231176	357878	372935
63572	249599	270238	436830
47917	53541	90508	136916	241677	387661	387663	520539
112813	112814	112821	112823
3210	51116	69404	70500	75287	95376	116581	120294	141201	149495	149852	151410	167246	187198	189904	190798	192313	209203	217748	239249	252800	254100	266891	283003	289126	300968	303345	310366	339968	340855	376771	383250	408158	416793	451947	453446	455248	455869	456689	483048	491365	541961	542493
117068	211808	524110
3085	22627	29246	30644	49737	64313	131647	250399	265247	276688	279372	282923	320460	321929	322484	324311	326935	331025	334199	335238	344070	348709	352910	368196	376880	379064	392150	394466	438736	443412	462049	463968	470625	512927	525344
12904	18493	49830	67416	68152	78479	161796	182190	199549	221490	233927	239679	246279	246373	248522	260643	265479	326441	400566	401575	418739	422194	422369	450464	457079	540769
10546	64751	153838	214829	250005	253000	266209	308617	331600	392902	473769
19043	59514	73765	143573	169293	192709	203701	205568	229736	237027	245317	255918	280211	359417	383743	390104	418481	450023	468033	490635	537626
2348	14698	20561	32781	120990	189174	227652	252559	263372	314412	372301	404585	445171	533394	536415
118171	207523	383169	399151	399156	399158	509512
188409	288952	446726
55727	78359	170327	335007
46192	49529	188916	222974	300959	316610	359357	372164	506982
34594	82034	95834	209646	246655	254624	305721	306515	309474	313113	374164	381894	388342	397777	399259	406858	412129	423031	434737	482990
62554	144469	260897	429844	445322	507060	507063
13213	33791	37913	60524	69216	82240	94105	109753	113186	139165	146452	152557	161090	175043	180019	182423	182511	185280	201932	203634	205422	208178	208909	209957	221231	248859	251114	275549	280138	284163	292492	294202	299947	317187	320215	326003	338234	344288	345722	362460	369819	370717	379377	388409	393821	399642	416934	419738	424297	426533	427256	428388	436758	440746	448160	465019	472162	476330	479455	480064	497024	513425	517008	526402	535864	539860
34594	82034	95834	209646	246655	254624	305721	306515	309474	313113	374164	381894	388342	397777	399259	406858	412129	423031	434737	482990
19006	20353	36212	130580	147273	164738	184854	266542	267803	309698	357847	375611	414330	446541	462268	463325	465393	495135	517602	544044	544964
3841	74788	97893	148445	353325	377372	377380	389190
146229	211795	276753	402482	455263	475285	477697	482546	531758
79503	101861	106173	114322	148907	153636	161757	201671	207228	221661	275045	280108	283055	284655	311040	313296	341228	364875	388652	393295	397377	462530	466428	475732	476504	499015	526555	539909
118252	299546	311035	336385	346420	355427	537376
236462	318313	392318
55047	109596	261682	311842	313452	315852	335798	359987	407773	431823	455814
56536	75600	101909	128781	153991	226654	278740	299942	300327	312433	348662	399478	487512	494261	523664	525313	531782	535205	535798	545002
2797	15952	31200	47626	57116	61118	72238	80005	109243	115271	129002	129819	140476	165128	196566	198304	202609	203397	216625	264309	266187	270593	278146	283440	315577	320858	323371	323378	348877	384795	389473	412353	417383	429082	432569	438003	439622	463702	472962	480884	497828	499649	501124	514909	516992	528717
57824	82730	90608	107186	109422	328644	377039	391732
951	200511	414227	414228	445494
148918	287142	352680	448379	503858
42046	149339	221445	233610	330933	334880	373181	376748	460712	522043
367144	410601	429007	448166
38926	116233	161318	172595	308654	315446	376908	430858	517813	531212
20232	66653	82400	113380	223285	321616	331718	370317	385591
5384	110507	110512	110748	192985	372395	432505
21513	93891	101480	115260	149826	158820	170067	183831	189612	241647	254994	329428	350318	351378	361649	396323	407247	408619	423524	426088	432613	433300	509910	536075
64869	75969	100932	200920	210859	267416	481319	495066
88809	182037	456555
4406	19471	157089	178108	194407	220801	226561	234224	277277	386376	408420	409317	430041	453999	455469	494662	535391
202245	298418	406965	537922
52588	74313	206374	233402	307002	395623	425893	426065	541515	541516
280181	345827	369920	393849	417695	441552	490177	516170
14896	21659	21695	24397	42346	62867	67051	71036	75245	87626	132671	145089	158674	162709	163015	166077	182587	188698	205505	210462	233838	240678	254423	258501	278725	282906	303160	305716	320287	350288	354251	370812	408836	411795	422063	436124	438354	445259	486888	519672	534790	538222
20879	21020	194100	218527	322414	346530	372631	372634	372637	521731
183356	250924	275371	299770	372953	389000	412780	416950	425475	436711	440811	462792	522161	525784
31173	38009	115054	278864	342984	389547	413249	413257	432850	492137	515761
33138	86967	107110	129663	214960	264650	289094	486317	521391
74066	175864	251123	275566	275571	275574	299952	317208	351650	354783	396430	459875
22044	51893	53596	76847	77458	79412	110946	126072	134417	155846	175837	196637	202849	211862	218050	284342	306998	326952	329352	349908	358590	362180	449531	473521	503228
118203	201878	206513	212121	365285	381652
183955	221870	238496
24076	38185	44867	69456	89973	91601	95977	104372	105027	108628	116177	120959	151259	154244	168624	193691	203972	208626	233933	248301	272795	297278	336083	446826	454029	514297	517019	528522	535600	543534
24632	82995	156987	236045	280502
41256	361696	361698
41256	361696	361698
47669	249126	505654
3456	9030	77482	178222	221669	223614	238357	241282	256627	274265	274270	288359	311109	317098	353933	378470	383468	394067	396413	404545	448484	504241
170242	224420	320163	338515
36521	165535	325123	342902	405679	405684	495822	495823	495824	495825	495829
25678	57217	121740	123267	205744	300085	312483	371495	483016
28513	51175	136210	159972	189286	204831	221801	301886	301889	313801	342330	379184	482998	542026
110413	165873	213681	463766
29759	39537	39538	39539	39540	39542	151456	151748	151750	151751	176604	176908	218281	257397	536741	536742	542826	542867	542870	542871	542872	542874	543730	543731	543762
109934	248053	252184	264966
3954	106506	206340	250469	264361	274975	279552	283824	288817	290541	299296	314791	345253	369293	485231	498869	502540	510212
75155	87113	87126	87127	87129	243095	243105	243158	276395	330371	362229
13507	52414	73606	77307	101960	114258	136805	157436	162278	182520	326114	350260	362817	363913	365166	387705	392538	411500	445249	472275
198055	234089	293039	293044	434190	436949	461185	525180	540024
160798	233468	257621	281988	353931	501902	522415
18471	40254	40507	67672	68880	80272	86377	94065	96142	96164	100833	110311	110323	118002	118660	121312	125406	132318	147145	149965	158454	159005	194464	198299	201370	205588	224454	233409	239268	246158	257803	265279	271642	275335	277193	283768	289737	297774	303877	304953	311666	337328	339366	340566	357876	359178	362293	363607	364596	369653	369656	371021	378535	386144	394938	399588	405799	418732	422962	427154	460491	462518	465830	473137	473883	485445	504760	507999	508430	521948	526677	539010	546837
128544	278731	317254	341322	341324	341326	341344	341352
62813	67412	87694	116840	199841	213022	235471	255529	261886	270591	327390	338053	377548	522428	530854	540364
